      Tig     Reads    Length         Area  Memory GB  Partition    Data GB
--------- --------- --------- ------------  ---------  ---------  ---------
        1      1162    723656    840888272      0.690          1      0.006
        2      1032    636442    656808144      0.607          2      0.005
        3       889    504495    448496055      0.481          3      0.005
        4       678    406781    275797518      0.388          4      0.005
        5       584    372093    217302312      0.355          5      0.004
        6       462    313472    144824064      0.299          6      0.004
        7       427    247538    105698726      0.236          6      0.004
        8       409    253718    103770662      0.242          7      0.004
        9       362    221031     80013222      0.211          7      0.004
       10       296    188507     55798072      0.180          5      0.004
       11       286    177023     50628578      0.169          8      0.004
       12       199    149346     29719854      0.142          4      0.005
       13       272    168462     45821664      0.161          8      0.004
       14       128     82341     10539648      0.079          8      0.004
       15        69     50934      3514446      0.049          8      0.004
       16       134     85255     11424170      0.081          7      0.004
       17        54     41975      2266650      0.040          4      0.005
       18        21     13448       282408      0.013          3      0.005
       19         1     24930        24930      0.024          3      0.005
       20         1      7073         7073      0.007          3      0.005
       21         1     13753        13753      0.013          3      0.005
       22         1     15603        15603      0.015          3      0.005
       23         1     17604        17604      0.017          3      0.005
       24         1     13188        13188      0.013          3      0.005
       25         1      2279         2279      0.002          3      0.005
       26         1     14588        14588      0.014          3      0.005
       27         1      1556         1556      0.001          4      0.005
       28         1     10202        10202      0.010          3      0.005
       29         1      4851         4851      0.005          3      0.005
       30         1     14057        14057      0.013          3      0.005
       31         1      1023         1023      0.001          4      0.005
       32         1     16880        16880      0.016          3      0.005
       33         1     16109        16109      0.015          3      0.005
       34         1     14369        14369      0.014          3      0.005
       35         1      1757         1757      0.002          4      0.005
       36         1     17489        17489      0.017          3      0.005
       37         1     16343        16343      0.016          3      0.005
       38         1     18376        18376      0.018          3      0.005
       39         1     14976        14976      0.014          3      0.005
       40         1     13185        13185      0.013          3      0.005
       41         1     18109        18109      0.017          3      0.005
       42         1      1926         1926      0.002          4      0.005
       43         1     19520        19520      0.019          3      0.005
       44         1      5632         5632      0.005          3      0.005
       45         1     12346        12346      0.012          3      0.005
       46         1      2113         2113      0.002          4      0.005
       47         1     17059        17059      0.016          3      0.005
       48         1      2671         2671      0.003          3      0.005
       49         1     10969        10969      0.010          3      0.005
       50         1     20727        20727      0.020          3      0.005
       51         1      4547         4547      0.004          3      0.005
       52         1      7813         7813      0.007          3      0.005
       53         1     17314        17314      0.017          3      0.005
       54         1     33570        33570      0.032          3      0.005
       55         1      2476         2476      0.002          3      0.005
