1002
1003
1004
1005
1007
1008
1012
1013
1014
1014
1014
1015
1018
1020
1021
1021
1021
1028
1029
1036
1037
1040
1041
1042
1043
1043
1045
1045
1045
1045
1046
1047
1050
1051
1052
1055
1057
1057
1057
1058
1059
1060
1063
1063
1065
1070
1070
1071
1071
1071
1073
1074
1075
1077
1079
1079
1082
1083
1085
1086
1086
1086
1089
1089
1091
1093
1094
1094
1097
1097
1098
1099
1099
1099
1101
1103
1104
1105
1105
1108
1109
1112
1113
1113
1113
1116
1116
1117
1117
1117
1121
1122
1122
1123
1124
1124
1125
1125
1127
1129
1130
1130
1130
1132
1132
1134
1134
1135
1135
1136
1137
1137
1137
1139
1140
1140
1140
1141
1141
1142
1143
1143
1146
1147
1149
1150
1151
1153
1153
1154
1154
1155
1155
1156
1157
1161
1161
1161
1161
1161
1161
1163
1164
1167
1169
1171
1173
1176
1181
1181
1181
1182
1183
1186
1187
1194
1195
1196
1197
1199
1199
1200
1201
1202
1202
1204
1205
1205
1208
1208
1209
1217
1217
1218
1218
1218
1219
1219
1220
1220
1221
1221
1221
1221
1221
1222
1222
1222
1222
1223
1223
1224
1224
1224
1224
1224
1224
1226
1227
1231
1236
1236
1238
1240
1241
1241
1241
1242
1243
1245
1246
1248
1249
1251
1251
1253
1253
1253
1253
1253
1257
1258
1259
1259
1259
1259
1261
1261
1263
1264
1264
1266
1266
1267
1270
1273
1275
1277
1278
1280
1280
1280
1281
1281
1282
1282
1285
1289
1293
1293
1294
1294
1295
1296
1296
1298
1298
1298
1299
1299
1299
1300
1301
1302
1303
1304
1305
1308
1309
1309
1309
1310
1311
1313
1313
1313
1314
1315
1317
1320
1320
1321
1322
1323
1324
1325
1325
1326
1326
1328
1328
1328
1329
1331
1331
1332
1332
1332
1333
1334
1335
1337
1338
1339
1340
1341
1342
1344
1345
1346
1346
1348
1348
1349
1350
1352
1352
1352
1352
1352
1352
1355
1355
1355
1355
1356
1356
1356
1357
1359
1359
1360
1360
1360
1363
1365
1366
1366
1368
1368
1369
1371
1371
1372
1372
1373
1373
1374
1374
1376
1377
1377
1378
1379
1379
1382
1382
1383
1383
1384
1385
1386
1386
1387
1389
1389
1389
1390
1390
1391
1393
1394
1394
1398
1400
1400
1403
1403
1403
1404
1405
1405
1406
1406
1406
1407
1407
1407
1408
1408
1408
1409
1409
1411
1412
1412
1412
1413
1413
1414
1419
1419
1419
1419
1420
1422
1423
1423
1423
1424
1424
1425
1426
1426
1427
1428
1428
1428
1428
1429
1429
1429
1430
1430
1437
1437
1439
1441
1442
1442
1443
1443
1443
1444
1444
1447
1447
1447
1449
1450
1452
1454
1454
1454
1455
1455
1456
1457
1457
1460
1460
1461
1462
1463
1463
1464
1465
1466
1466
1468
1468
1469
1469
1469
1470
1472
1473
1473
1474
1474
1478
1481
1481
1482
1483
1483
1485
1487
1489
1489
1489
1490
1491
1491
1491
1492
1492
1492
1493
1493
1493
1494
1494
1494
1495
1496
1496
1497
1498
1498
1499
1499
1499
1500
1500
1501
1502
1505
1506
1507
1507
1507
1507
1508
1509
1510
1511
1512
1512
1512
1513
1514
1515
1518
1519
1519
1521
1522
1524
1528
1528
1529
1532
1532
1533
1533
1534
1534
1535
1536
1537
1537
1538
1538
1539
1540
1540
1540
1543
1543
1545
1545
1547
1547
1548
1549
1552
1552
1553
1553
1554
1556
1559
1560
1561
1561
1564
1569
1569
1570
1571
1571
1572
1572
1572
1572
1573
1573
1573
1574
1575
1576
1578
1578
1579
1583
1584
1584
1588
1588
1589
1590
1591
1592
1592
1593
1593
1593
1594
1594
1595
1595
1596
1597
1598
1598
1598
1601
1602
1602
1603
1604
1611
1612
1614
1615
1615
1615
1616
1616
1618
1619
1621
1621
1622
1623
1624
1625
1626
1628
1628
1629
1630
1630
1631
1631
1632
1633
1633
1634
1635
1640
1641
1642
1643
1645
1646
1647
1647
1649
1650
1650
1650
1651
1651
1654
1654
1655
1655
1655
1657
1659
1660
1661
1661
1667
1667
1667
1667
1668
1670
1671
1672
1672
1673
1673
1673
1677
1677
1678
1678
1680
1681
1681
1681
1681
1684
1685
1686
1687
1688
1689
1689
1691
1692
1693
1695
1695
1697
1698
1699
1700
1701
1705
1706
1706
1711
1712
1713
1713
1714
1714
1714
1715
1715
1717
1717
1719
1722
1722
1724
1724
1725
1725
1726
1726
1727
1727
1728
1728
1728
1729
1730
1731
1731
1732
1734
1734
1734
1735
1736
1736
1737
1740
1741
1742
1744
1744
1745
1749
1749
1749
1750
1753
1753
1753
1753
1753
1754
1754
1755
1757
1758
1758
1760
1761
1761
1761
1762
1766
1766
1767
1767
1767
1768
1768
1768
1771
1771
1773
1774
1774
1776
1776
1776
1777
1777
1777
1779
1779
1780
1780
1780
1781
1782
1784
1784
1791
1791
1791
1791
1791
1792
1795
1798
1798
1799
1800
1800
1803
1804
1804
1805
1806
1807
1810
1810
1810
1811
1812
1813
1815
1816
1817
1820
1820
1825
1825
1825
1827
1827
1828
1829
1829
1831
1831
1832
1833
1834
1836
1838
1838
1838
1838
1838
1840
1840
1841
1842
1843
1844
1845
1845
1845
1847
1847
1848
1848
1848
1849
1851
1851
1852
1854
1854
1854
1855
1856
1856
1856
1856
1857
1857
1857
1859
1859
1859
1860
1861
1861
1862
1864
1865
1865
1867
1867
1870
1873
1873
1873
1874
1874
1874
1877
1879
1881
1881
1881
1886
1886
1886
1888
1889
1890
1891
1893
1893
1894
1894
1895
1896
1896
1898
1899
1899
1900
1903
1903
1903
1905
1908
1909
1909
1910
1910
1913
1913
1915
1918
1919
1919
1923
1923
1924
1924
1927
1928
1929
1929
1930
1931
1936
1936
1938
1939
1941
1943
1943
1945
1945
1945
1947
1948
1948
1949
1952
1952
1952
1952
1954
1954
1955
1955
1956
1958
1958
1961
1962
1962
1963
1963
1963
1965
1965
1967
1967
1968
1969
1970
1975
1977
1980
1980
1980
1982
1983
1984
1984
1985
1985
1985
1987
1987
1988
1989
1993
1993
1994
1997
1997
1997
1997
1998
1998
2000
2003
2003
2004
2004
2005
2005
2006
2006
2008
2009
2010
2010
2011
2011
2012
2012
2013
2014
2015
2017
2017
2017
2017
2018
2019
2021
2021
2021
2023
2024
2025
2025
2026
2027
2027
2027
2027
2029
2030
2030
2030
2031
2032
2032
2033
2033
2033
2035
2036
2036
2037
2039
2040
2040
2041
2042
2043
2045
2046
2047
2048
2049
2051
2051
2053
2053
2054
2055
2055
2056
2056
2056
2056
2057
2057
2058
2060
2061
2062
2063
2064
2065
2066
2066
2069
2072
2073
2074
2074
2075
2078
2080
2081
2082
2082
2084
2084
2084
2085
2088
2088
2088
2089
2089
2090
2091
2092
2092
2093
2094
2097
2097
2097
2097
2101
2101
2101
2102
2103
2105
2105
2107
2107
2109
2111
2113
2114
2114
2117
2120
2120
2121
2122
2123
2124
2125
2125
2128
2129
2130
2132
2132
2132
2134
2135
2135
2138
2140
2141
2141
2142
2142
2143
2144
2146
2146
2150
2151
2151
2154
2156
2158
2158
2158
2158
2159
2160
2161
2161
2161
2161
2162
2162
2162
2163
2163
2164
2164
2165
2168
2171
2171
2171
2173
2176
2176
2177
2177
2178
2179
2180
2182
2184
2186
2189
2190
2190
2191
2194
2197
2197
2198
2198
2199
2199
2199
2203
2207
2208
2209
2209
2209
2209
2210
2212
2212
2213
2214
2217
2219
2219
2222
2222
2223
2224
2224
2225
2225
2225
2227
2229
2229
2230
2230
2233
2235
2236
2236
2239
2240
2240
2241
2242
2242
2243
2243
2243
2244
2244
2246
2247
2248
2248
2249
2249
2252
2252
2253
2253
2254
2257
2259
2259
2259
2259
2261
2261
2261
2265
2265
2266
2266
2267
2267
2267
2269
2269
2269
2270
2272
2274
2274
2275
2275
2275
2275
2277
2277
2277
2277
2278
2278
2278
2281
2282
2282
2285
2286
2286
2287
2288
2288
2289
2290
2290
2290
2291
2292
2293
2294
2295
2295
2295
2296
2298
2299
2299
2300
2301
2302
2305
2306
2307
2309
2310
2311
2311
2313
2313
2314
2315
2315
2316
2317
2318
2318
2319
2319
2319
2322
2323
2325
2326
2326
2326
2327
2328
2329
2329
2331
2335
2335
2335
2337
2339
2340
2340
2340
2341
2341
2342
2343
2347
2348
2348
2350
2351
2352
2352
2352
2354
2354
2356
2357
2359
2360
2361
2361
2361
2362
2362
2362
2365
2368
2372
2372
2373
2373
2374
2375
2376
2377
2377
2378
2379
2379
2379
2379
2380
2381
2381
2383
2384
2385
2385
2386
2386
2387
2387
2389
2389
2389
2390
2390
2392
2393
2395
2395
2397
2397
2398
2398
2399
2400
2401
2402
2402
2402
2403
2406
2409
2410
2412
2413
2413
2413
2415
2415
2415
2416
2416
2417
2417
2418
2418
2419
2419
2421
2421
2422
2422
2423
2424
2425
2426
2430
2430
2431
2432
2435
2437
2437
2437
2438
2438
2438
2438
2441
2441
2442
2442
2442
2443
2445
2445
2446
2447
2448
2449
2449
2449
2452
2453
2457
2457
2458
2458
2459
2459
2459
2460
2460
2461
2462
2464
2466
2466
2466
2467
2468
2468
2468
2468
2468
2469
2469
2471
2471
2471
2472
2472
2472
2473
2474
2475
2477
2478
2478
2479
2480
2481
2482
2482
2484
2484
2486
2486
2487
2488
2490
2491
2492
2493
2495
2495
2497
2497
2498
2498
2498
2499
2502
2502
2504
2507
2511
2511
2511
2512
2512
2513
2514
2514
2515
2515
2517
2518
2518
2519
2521
2522
2524
2525
2525
2526
2527
2527
2528
2535
2535
2536
2538
2539
2542
2545
2545
2549
2549
2550
2550
2555
2556
2556
2558
2558
2559
2559
2561
2562
2565
2566
2567
2567
2568
2568
2570
2571
2571
2572
2574
2574
2575
2575
2575
2578
2578
2578
2579
2582
2585
2585
2586
2586
2587
2588
2588
2589
2589
2589
2590
2590
2591
2591
2595
2595
2596
2596
2597
2601
2601
2605
2607
2608
2609
2609
2610
2610
2610
2611
2612
2612
2612
2614
2615
2616
2616
2617
2620
2620
2621
2622
2622
2623
2623
2624
2626
2628
2628
2628
2632
2632
2634
2634
2635
2635
2635
2637
2637
2638
2638
2641
2643
2645
2646
2646
2647
2648
2648
2649
2650
2652
2653
2653
2654
2654
2656
2657
2657
2657
2659
2659
2660
2661
2662
2663
2664
2664
2665
2666
2667
2667
2667
2668
2669
2669
2670
2671
2671
2673
2673
2673
2673
2673
2674
2675
2675
2675
2676
2676
2679
2682
2683
2684
2684
2684
2686
2687
2687
2688
2689
2689
2689
2691
2693
2693
2696
2698
2699
2703
2705
2705
2706
2706
2706
2708
2708
2709
2709
2710
2710
2710
2712
2712
2712
2713
2713
2715
2715
2716
2716
2717
2718
2720
2720
2721
2722
2722
2723
2725
2726
2726
2727
2727
2728
2728
2729
2730
2730
2731
2731
2733
2734
2735
2735
2736
2736
2736
2737
2740
2740
2740
2743
2744
2746
2746
2746
2747
2748
2748
2748
2749
2753
2755
2758
2759
2762
2764
2764
2766
2767
2767
2770
2773
2773
2775
2776
2776
2778
2779
2780
2780
2783
2785
2785
2786
2786
2787
2787
2789
2790
2791
2791
2791
2792
2794
2795
2795
2796
2798
2798
2799
2799
2800
2801
2802
2802
2802
2802
2803
2803
2803
2805
2805
2806
2806
2807
2807
2807
2809
2809
2809
2810
2814
2815
2817
2819
2819
2820
2821
2821
2821
2824
2824
2825
2826
2826
2827
2828
2829
2830
2831
2832
2833
2833
2834
2835
2835
2835
2835
2836
2836
2837
2838
2838
2840
2840
2844
2845
2845
2847
2848
2850
2850
2851
2851
2852
2853
2854
2856
2856
2856
2858
2858
2860
2860
2860
2861
2862
2866
2867
2868
2871
2871
2872
2872
2874
2876
2876
2878
2879
2879
2879
2879
2879
2881
2883
2884
2885
2891
2892
2892
2892
2894
2894
2897
2897
2898
2898
2901
2902
2903
2907
2907
2908
2908
2908
2911
2911
2913
2913
2913
2915
2916
2918
2919
2920
2921
2922
2927
2931
2932
2934
2934
2936
2937
2939
2939
2940
2942
2944
2945
2947
2948
2949
2949
2949
2953
2954
2954
2955
2955
2956
2956
2958
2958
2959
2959
2959
2959
2960
2961
2963
2965
2965
2966
2966
2968
2969
2969
2972
2972
2972
2973
2975
2978
2982
2982
2983
2983
2984
2986
2987
2990
2994
2994
2994
2995
2995
2996
2996
2998
3001
3005
3007
3007
3008
3010
3010
3011
3013
3013
3014
3014
3016
3017
3019
3021
3022
3024
3024
3027
3027
3028
3029
3030
3031
3031
3032
3033
3033
3033
3034
3035
3038
3039
3039
3040
3040
3041
3045
3046
3047
3048
3048
3052
3052
3052
3052
3053
3053
3054
3055
3055
3056
3056
3057
3059
3059
3059
3064
3064
3065
3065
3067
3068
3068
3069
3070
3070
3073
3074
3075
3076
3078
3078
3078
3080
3081
3082
3082
3082
3083
3083
3084
3086
3089
3090
3090
3092
3092
3093
3094
3096
3097
3101
3101
3102
3105
3109
3109
3111
3112
3113
3115
3116
3118
3119
3123
3123
3124
3128
3131
3132
3136
3136
3139
3140
3141
3141
3142
3143
3143
3144
3145
3150
3151
3152
3152
3156
3159
3159
3160
3160
3160
3160
3161
3161
3161
3163
3163
3165
3165
3165
3166
3168
3168
3171
3171
3172
3173
3175
3175
3176
3177
3183
3184
3186
3186
3188
3189
3190
3193
3194
3196
3198
3201
3203
3206
3207
3209
3210
3212
3212
3212
3213
3214
3214
3215
3215
3216
3217
3218
3220
3223
3226
3233
3234
3235
3235
3238
3238
3239
3239
3240
3241
3241
3241
3243
3246
3248
3251
3252
3253
3254
3255
3255
3257
3259
3261
3262
3262
3264
3264
3268
3269
3269
3269
3270
3272
3273
3273
3274
3276
3277
3277
3278
3278
3279
3279
3281
3281
3284
3288
3288
3298
3298
3298
3298
3298
3300
3302
3302
3304
3308
3308
3308
3309
3309
3312
3317
3317
3318
3318
3318
3319
3319
3320
3321
3322
3323
3326
3326
3326
3328
3329
3330
3332
3332
3332
3333
3337
3337
3338
3339
3340
3342
3346
3347
3348
3350
3350
3350
3351
3352
3352
3353
3358
3361
3361
3362
3365
3366
3368
3369
3370
3372
3373
3373
3374
3375
3376
3376
3377
3378
3384
3388
3389
3390
3390
3391
3391
3397
3397
3399
3399
3403
3404
3407
3408
3409
3410
3411
3412
3414
3415
3415
3416
3416
3417
3422
3422
3423
3425
3428
3431
3432
3436
3436
3436
3438
3438
3438
3440
3442
3443
3444
3445
3445
3449
3452
3452
3455
3456
3458
3461
3464
3464
3465
3465
3467
3468
3468
3470
3470
3474
3481
3482
3482
3482
3482
3482
3482
3483
3484
3486
3486
3486
3486
3487
3487
3487
3492
3493
3495
3496
3498
3498
3499
3504
3506
3507
3509
3510
3511
3511
3511
3512
3515
3515
3516
3517
3519
3521
3521
3524
3524
3525
3527
3529
3530
3532
3534
3535
3535
3536
3537
3539
3543
3545
3548
3548
3550
3551
3552
3552
3554
3554
3554
3555
3558
3560
3560
3566
3570
3574
3575
3577
3578
3579
3580
3581
3582
3583
3584
3584
3585
3586
3586
3592
3592
3592
3593
3597
3599
3600
3601
3601
3602
3602
3606
3606
3608
3609
3611
3612
3612
3614
3615
3615
3615
3615
3620
3621
3621
3625
3626
3629
3629
3630
3633
3635
3636
3640
3641
3641
3643
3644
3649
3652
3655
3656
3656
3656
3656
3657
3658
3659
3659
3660
3661
3661
3661
3661
3662
3664
3666
3667
3668
3668
3668
3670
3672
3674
3674
3674
3675
3676
3676
3678
3680
3681
3681
3681
3682
3686
3686
3688
3689
3694
3694
3694
3695
3695
3696
3697
3698
3699
3699
3701
3702
3702
3702
3703
3705
3706
3708
3709
3712
3713
3715
3717
3718
3720
3721
3722
3723
3723
3726
3728
3729
3729
3730
3730
3731
3733
3733
3735
3736
3737
3737
3738
3739
3740
3744
3745
3747
3749
3753
3753
3754
3755
3756
3756
3759
3759
3760
3760
3764
3764
3765
3766
3766
3768
3768
3769
3772
3773
3774
3776
3778
3779
3781
3782
3782
3782
3784
3785
3786
3787
3788
3789
3789
3789
3790
3790
3793
3793
3797
3797
3798
3798
3800
3801
3802
3803
3803
3804
3804
3805
3806
3806
3808
3809
3810
3811
3814
3817
3817
3817
3818
3818
3822
3822
3822
3823
3827
3829
3831
3834
3835
3836
3838
3840
3842
3844
3845
3845
3845
3848
3848
3848
3849
3852
3852
3854
3854
3854
3861
3861
3861
3862
3863
3867
3869
3869
3870
3870
3870
3872
3874
3880
3882
3882
3882
3883
3885
3885
3885
3886
3887
3890
3891
3896
3897
3897
3899
3901
3901
3901
3905
3907
3909
3910
3911
3911
3914
3917
3918
3922
3924
3924
3925
3926
3929
3931
3931
3932
3933
3934
3934
3936
3936
3937
3938
3938
3938
3940
3941
3943
3946
3947
3948
3951
3952
3952
3954
3964
3964
3970
3971
3975
3978
3981
3982
3985
3985
3986
3986
3987
3989
3991
3995
3996
3997
3997
3997
3998
4000
4001
4004
4008
4010
4015
4015
4016
4016
4019
4021
4021
4023
4026
4027
4029
4031
4032
4036
4038
4043
4044
4045
4045
4050
4052
4055
4057
4058
4059
4059
4061
4064
4064
4065
4065
4065
4069
4070
4071
4074
4077
4079
4083
4083
4083
4085
4087
4090
4090
4094
4096
4101
4101
4101
4102
4103
4103
4104
4104
4108
4112
4112
4113
4114
4116
4118
4118
4121
4122
4124
4125
4126
4126
4126
4127
4128
4128
4130
4132
4132
4133
4133
4136
4136
4136
4138
4139
4139
4141
4142
4143
4144
4145
4147
4153
4156
4158
4159
4161
4161
4161
4162
4168
4168
4169
4169
4170
4171
4173
4177
4178
4178
4178
4180
4181
4184
4184
4184
4187
4187
4188
4190
4193
4195
4201
4205
4207
4209
4212
4213
4214
4215
4216
4225
4232
4232
4233
4236
4238
4240
4243
4243
4246
4249
4250
4250
4250
4256
4257
4258
4260
4261
4263
4264
4266
4268
4269
4272
4273
4275
4278
4279
4279
4283
4286
4289
4290
4292
4293
4295
4297
4299
4299
4300
4301
4302
4305
4306
4307
4307
4308
4309
4314
4314
4317
4317
4319
4319
4319
4319
4320
4320
4320
4320
4321
4321
4323
4323
4326
4328
4328
4329
4330
4332
4335
4344
4345
4346
4354
4360
4361
4361
4366
4371
4373
4375
4376
4376
4378
4380
4380
4381
4384
4385
4386
4388
4392
4393
4396
4396
4396
4401
4402
4403
4404
4405
4408
4410
4411
4411
4411
4413
4413
4416
4417
4418
4420
4422
4422
4423
4428
4428
4429
4429
4433
4435
4436
4436
4438
4439
4448
4449
4450
4451
4451
4453
4457
4459
4460
4460
4462
4462
4464
4464
4465
4467
4467
4469
4472
4473
4474
4475
4478
4481
4483
4484
4485
4487
4488
4489
4493
4498
4500
4501
4502
4502
4503
4506
4506
4506
4507
4508
4508
4513
4514
4516
4517
4518
4523
4525
4527
4527
4529
4529
4531
4531
4533
4534
4535
4538
4538
4540
4542
4546
4548
4548
4549
4551
4551
4551
4555
4555
4555
4562
4562
4564
4565
4567
4570
4571
4572
4574
4576
4580
4583
4584
4586
4587
4588
4589
4589
4591
4592
4595
4601
4604
4607
4607
4612
4617
4619
4620
4624
4626
4631
4632
4633
4634
4635
4635
4636
4636
4643
4650
4650
4651
4653
4653
4657
4658
4658
4659
4661
4663
4665
4667
4671
4673
4674
4675
4680
4681
4681
4682
4682
4683
4683
4687
4689
4693
4693
4699
4700
4700
4700
4702
4705
4708
4710
4711
4714
4716
4716
4717
4719
4720
4720
4726
4726
4728
4729
4729
4736
4736
4738
4738
4739
4742
4742
4744
4745
4747
4750
4750
4751
4753
4755
4756
4756
4758
4759
4760
4760
4761
4761
4762
4766
4768
4768
4769
4770
4770
4770
4771
4772
4776
4777
4780
4782
4782
4785
4786
4788
4789
4789
4789
4791
4792
4792
4794
4794
4795
4795
4800
4801
4802
4804
4805
4805
4805
4807
4808
4810
4812
4812
4812
4814
4817
4817
4827
4831
4834
4835
4836
4841
4841
4842
4842
4843
4844
4845
4845
4848
4849
4854
4859
4864
4865
4869
4874
4877
4880
4882
4884
4886
4886
4886
4888
4890
4899
4899
4899
4900
4901
4901
4902
4903
4903
4908
4908
4911
4911
4912
4915
4916
4917
4917
4921
4922
4922
4923
4929
4930
4930
4931
4938
4938
4939
4941
4941
4942
4949
4954
4955
4956
4959
4966
4967
4968
4968
4971
4971
4973
4974
4979
4980
4982
4984
4986
4986
4989
4991
4993
4993
4993
4994
4995
4996
4999
5000
5001
5003
5004
5007
5011
5013
5018
5018
5019
5021
5023
5024
5025
5026
5029
5032
5034
5035
5036
5037
5041
5043
5043
5046
5047
5050
5051
5051
5054
5055
5055
5057
5059
5060
5061
5065
5065
5066
5067
5068
5068
5071
5071
5073
5075
5076
5080
5080
5083
5083
5083
5083
5084
5085
5085
5087
5090
5091
5091
5092
5093
5093
5096
5096
5097
5101
5102
5103
5103
5104
5104
5105
5105
5106
5110
5121
5123
5123
5125
5128
5128
5130
5131
5133
5135
5137
5138
5140
5141
5141
5143
5143
5145
5146
5147
5149
5149
5152
5152
5154
5156
5157
5157
5162
5162
5163
5167
5173
5175
5176
5177
5177
5178
5178
5179
5180
5181
5184
5186
5189
5189
5191
5192
5194
5200
5202
5206
5206
5207
5208
5210
5212
5213
5215
5216
5220
5221
5224
5227
5229
5230
5233
5234
5235
5235
5235
5237
5244
5250
5257
5263
5264
5268
5269
5269
5270
5270
5272
5273
5274
5275
5282
5283
5286
5288
5292
5292
5294
5294
5302
5303
5303
5307
5316
5316
5317
5319
5320
5321
5322
5323
5325
5330
5331
5331
5337
5337
5338
5341
5342
5346
5353
5356
5356
5357
5357
5358
5359
5363
5364
5365
5365
5366
5367
5374
5379
5380
5383
5384
5386
5389
5390
5390
5394
5398
5398
5402
5405
5407
5413
5419
5419
5420
5423
5425
5428
5428
5431
5432
5434
5437
5439
5442
5443
5444
5449
5450
5451
5454
5455
5456
5456
5461
5462
5465
5466
5467
5469
5471
5474
5475
5476
5477
5478
5478
5478
5480
5484
5486
5489
5492
5493
5494
5494
5497
5497
5498
5498
5499
5501
5503
5505
5506
5519
5520
5520
5524
5525
5536
5538
5544
5544
5545
5551
5551
5556
5557
5562
5562
5562
5562
5566
5566
5570
5572
5574
5576
5576
5579
5582
5582
5584
5589
5590
5594
5595
5596
5596
5599
5600
5603
5603
5604
5604
5606
5612
5614
5616
5617
5618
5618
5620
5623
5623
5623
5624
5626
5627
5629
5630
5631
5633
5634
5636
5637
5638
5638
5642
5643
5646
5655
5655
5656
5657
5660
5665
5668
5670
5671
5675
5677
5680
5683
5686
5687
5693
5695
5696
5699
5707
5707
5707
5708
5711
5713
5716
5718
5718
5718
5720
5721
5722
5723
5723
5735
5745
5745
5756
5756
5757
5760
5762
5763
5768
5768
5772
5774
5777
5778
5779
5781
5782
5783
5788
5788
5788
5790
5793
5794
5794
5797
5804
5805
5808
5816
5817
5821
5821
5822
5825
5837
5838
5839
5841
5842
5844
5848
5850
5855
5855
5856
5858
5861
5861
5862
5862
5863
5875
5880
5881
5883
5884
5885
5886
5890
5896
5897
5897
5902
5908
5908
5910
5913
5914
5914
5914
5921
5922
5924
5924
5931
5940
5942
5943
5943
5946
5949
5950
5952
5954
5956
5957
5957
5958
5967
5972
5972
5980
5987
5990
5992
5993
5994
5994
5998
5999
6002
6003
6004
6005
6008
6009
6011
6014
6018
6019
6019
6029
6031
6033
6033
6035
6036
6039
6042
6042
6043
6047
6047
6050
6050
6050
6053
6053
6055
6055
6058
6061
6063
6063
6066
6066
6073
6073
6073
6074
6075
6080
6080
6081
6092
6096
6097
6098
6100
6101
6102
6102
6105
6106
6107
6107
6109
6111
6114
6115
6115
6118
6119
6120
6122
6124
6125
6127
6133
6133
6134
6136
6136
6137
6138
6148
6148
6149
6152
6152
6164
6167
6168
6175
6175
6181
6185
6185
6187
6188
6191
6193
6200
6203
6207
6208
6210
6215
6217
6220
6220
6223
6225
6226
6227
6228
6229
6229
6230
6230
6241
6241
6246
6246
6249
6251
6253
6255
6256
6258
6261
6268
6268
6270
6271
6273
6275
6278
6280
6281
6281
6284
6287
6291
6293
6297
6300
6301
6301
6309
6310
6312
6313
6317
6317
6318
6319
6319
6319
6321
6323
6330
6331
6333
6334
6335
6335
6336
6338
6341
6341
6341
6342
6343
6344
6345
6346
6349
6354
6355
6359
6359
6363
6363
6364
6365
6366
6366
6367
6367
6371
6372
6374
6375
6379
6380
6384
6392
6392
6394
6398
6399
6400
6401
6403
6403
6404
6405
6406
6406
6409
6415
6419
6421
6424
6424
6428
6430
6433
6436
6438
6438
6440
6440
6441
6441
6444
6444
6449
6449
6451
6451
6452
6452
6453
6453
6453
6454
6456
6457
6458
6458
6459
6460
6461
6464
6467
6473
6474
6478
6478
6482
6484
6485
6485
6486
6487
6491
6493
6495
6496
6497
6508
6512
6514
6515
6518
6522
6525
6530
6530
6539
6539
6539
6539
6540
6541
6541
6542
6543
6544
6545
6546
6547
6547
6555
6555
6558
6559
6562
6562
6573
6576
6577
6579
6581
6583
6585
6590
6590
6590
6591
6592
6593
6595
6596
6597
6599
6599
6599
6600
6601
6606
6609
6609
6610
6613
6616
6619
6624
6625
6627
6632
6633
6633
6639
6641
6642
6642
6644
6644
6645
6645
6646
6649
6653
6656
6664
6665
6667
6668
6673
6676
6678
6678
6681
6682
6684
6685
6685
6689
6690
6692
6694
6695
6696
6696
6700
6702
6705
6709
6711
6712
6715
6719
6721
6724
6724
6727
6727
6728
6731
6731
6734
6735
6737
6738
6738
6743
6743
6744
6745
6746
6746
6752
6752
6753
6753
6753
6761
6763
6764
6767
6770
6770
6772
6772
6773
6780
6782
6784
6785
6790
6791
6793
6794
6796
6803
6805
6805
6805
6806
6809
6811
6812
6814
6814
6820
6821
6823
6826
6831
6833
6834
6835
6843
6843
6844
6846
6846
6848
6854
6859
6860
6863
6864
6868
6868
6869
6873
6881
6887
6889
6889
6889
6889
6891
6900
6901
6901
6902
6902
6904
6905
6906
6907
6908
6909
6910
6910
6913
6915
6916
6918
6919
6920
6921
6922
6924
6924
6924
6927
6929
6929
6929
6932
6933
6940
6941
6942
6942
6944
6945
6945
6946
6947
6947
6949
6949
6951
6953
6958
6960
6964
6972
6983
6984
6985
6985
6988
6992
6993
6996
7008
7012
7014
7015
7015
7018
7029
7032
7038
7040
7041
7044
7047
7049
7055
7055
7059
7061
7062
7066
7068
7069
7071
7072
7073
7075
7076
7077
7077
7083
7086
7091
7091
7094
7099
7100
7102
7103
7105
7106
7109
7109
7109
7111
7112
7113
7116
7118
7120
7120
7122
7125
7125
7127
7129
7130
7130
7132
7133
7133
7135
7137
7142
7143
7150
7152
7153
7158
7158
7165
7165
7165
7168
7168
7170
7172
7173
7175
7176
7177
7178
7180
7180
7180
7180
7182
7184
7184
7187
7189
7192
7193
7194
7195
7196
7197
7200
7205
7207
7210
7213
7214
7215
7215
7215
7216
7218
7219
7219
7221
7221
7221
7224
7225
7231
7232
7233
7242
7249
7249
7251
7252
7253
7255
7259
7260
7266
7266
7269
7273
7275
7276
7277
7277
7280
7281
7282
7282
7283
7284
7295
7298
7299
7301
7302
7302
7303
7306
7307
7308
7309
7311
7311
7316
7319
7320
7324
7326
7331
7331
7335
7336
7336
7338
7338
7340
7342
7348
7362
7363
7367
7368
7371
7372
7372
7375
7376
7377
7378
7381
7384
7385
7388
7388
7390
7391
7393
7393
7394
7400
7401
7403
7405
7407
7408
7409
7410
7410
7415
7415
7418
7419
7420
7420
7422
7423
7423
7426
7427
7428
7428
7433
7437
7437
7438
7440
7441
7441
7443
7445
7448
7452
7454
7455
7458
7459
7459
7460
7461
7461
7462
7468
7470
7474
7476
7478
7480
7481
7482
7485
7485
7488
7489
7490
7491
7494
7496
7498
7501
7501
7501
7502
7503
7505
7505
7506
7507
7507
7510
7510
7511
7520
7520
7523
7526
7528
7530
7534
7535
7538
7540
7541
7545
7547
7549
7550
7557
7558
7558
7565
7567
7568
7570
7570
7574
7576
7581
7582
7582
7584
7587
7588
7591
7591
7594
7596
7599
7601
7608
7612
7614
7614
7614
7615
7619
7621
7622
7624
7625
7626
7627
7627
7628
7629
7630
7631
7634
7636
7637
7639
7641
7644
7645
7647
7650
7650
7651
7656
7659
7662
7666
7668
7668
7671
7672
7672
7675
7675
7679
7684
7684
7684
7685
7685
7689
7689
7690
7692
7694
7695
7696
7698
7699
7700
7702
7704
7705
7707
7712
7713
7715
7717
7718
7720
7721
7722
7723
7724
7725
7731
7731
7733
7734
7740
7744
7744
7745
7747
7753
7753
7757
7758
7758
7758
7760
7761
7765
7767
7767
7768
7771
7771
7774
7774
7777
7778
7780
7783
7785
7785
7785
7790
7791
7793
7794
7794
7795
7796
7796
7801
7804
7804
7805
7806
7808
7809
7811
7811
7812
7816
7817
7822
7823
7823
7825
7825
7825
7827
7828
7842
7843
7846
7847
7848
7859
7862
7866
7866
7870
7873
7873
7873
7874
7876
7877
7879
7879
7881
7881
7883
7884
7890
7894
7900
7900
7901
7901
7904
7909
7910
7914
7914
7916
7919
7921
7923
7925
7926
7932
7933
7935
7937
7942
7943
7945
7946
7948
7949
7953
7955
7957
7959
7960
7961
7961
7968
7971
7971
7978
7980
7983
7986
7986
7987
7988
7989
7990
7993
7997
8006
8009
8011
8014
8016
8019
8021
8027
8028
8037
8042
8044
8045
8046
8046
8051
8052
8052
8053
8053
8054
8055
8055
8060
8060
8062
8065
8069
8070
8071
8071
8073
8079
8085
8089
8089
8095
8096
8099
8099
8103
8104
8106
8107
8110
8118
8121
8124
8126
8127
8127
8133
8135
8137
8140
8141
8142
8142
8143
8144
8146
8147
8148
8152
8157
8158
8159
8163
8164
8167
8168
8171
8171
8172
8173
8173
8176
8176
8177
8180
8182
8187
8187
8192
8197
8198
8202
8202
8203
8203
8203
8207
8210
8211
8214
8219
8231
8236
8236
8237
8241
8247
8250
8252
8256
8256
8259
8259
8262
8266
8267
8268
8275
8276
8278
8284
8285
8285
8289
8290
8298
8300
8302
8307
8308
8311
8312
8312
8314
8316
8319
8322
8323
8323
8324
8324
8324
8325
8330
8330
8330
8331
8332
8333
8333
8336
8336
8339
8344
8346
8351
8352
8356
8357
8358
8359
8361
8363
8365
8365
8366
8366
8367
8368
8370
8371
8372
8377
8379
8386
8388
8388
8393
8395
8395
8396
8396
8399
8402
8405
8405
8407
8409
8410
8411
8414
8418
8420
8421
8422
8423
8423
8423
8425
8427
8427
8431
8435
8438
8442
8443
8447
8449
8449
8449
8456
8459
8462
8464
8464
8466
8469
8472
8473
8475
8477
8478
8478
8484
8484
8487
8489
8489
8492
8494
8497
8497
8497
8501
8506
8506
8513
8513
8514
8514
8516
8519
8522
8523
8526
8526
8529
8531
8533
8534
8534
8534
8539
8542
8543
8543
8544
8544
8546
8546
8547
8552
8554
8556
8557
8559
8562
8562
8563
8564
8566
8566
8567
8570
8572
8572
8574
8574
8575
8581
8581
8585
8585
8588
8592
8593
8596
8600
8604
8604
8606
8608
8609
8613
8614
8615
8615
8617
8618
8620
8620
8621
8623
8626
8629
8631
8633
8633
8642
8643
8645
8646
8647
8647
8647
8649
8649
8652
8654
8654
8657
8662
8666
8673
8673
8686
8689
8690
8691
8693
8698
8699
8700
8701
8706
8706
8710
8710
8714
8716
8720
8721
8722
8722
8723
8724
8730
8731
8732
8732
8735
8737
8743
8752
8757
8759
8762
8762
8765
8765
8767
8767
8767
8768
8772
8775
8783
8783
8786
8787
8789
8795
8801
8803
8804
8804
8805
8809
8809
8809
8810
8810
8812
8815
8817
8819
8821
8829
8830
8834
8835
8835
8842
8842
8844
8844
8845
8847
8848
8852
8854
8856
8858
8859
8867
8873
8874
8875
8875
8880
8880
8884
8885
8887
8889
8891
8898
8898
8905
8911
8911
8913
8913
8918
8922
8922
8925
8931
8934
8939
8939
8942
8943
8943
8947
8947
8948
8948
8949
8950
8951
8953
8955
8956
8958
8962
8962
8963
8968
8970
8970
8972
8973
8974
8980
8981
8985
8988
8990
8993
8996
8996
8997
8999
9002
9002
9002
9003
9005
9010
9012
9012
9016
9023
9024
9024
9026
9027
9033
9035
9037
9037
9038
9040
9045
9048
9048
9050
9051
9054
9055
9056
9057
9061
9062
9068
9070
9075
9075
9076
9077
9079
9079
9080
9081
9083
9084
9086
9088
9090
9091
9094
9096
9110
9115
9115
9116
9124
9129
9129
9135
9139
9140
9144
9147
9148
9150
9154
9155
9156
9157
9158
9159
9159
9161
9163
9164
9166
9167
9169
9170
9170
9170
9171
9172
9172
9173
9174
9180
9182
9189
9190
9191
9191
9197
9202
9202
9205
9206
9219
9222
9230
9238
9238
9239
9246
9247
9248
9253
9258
9262
9262
9263
9265
9266
9267
9269
9269
9271
9271
9272
9273
9274
9276
9279
9280
9281
9282
9287
9287
9299
9299
9302
9304
9305
9315
9315
9320
9321
9325
9325
9325
9328
9331
9336
9336
9338
9338
9338
9339
9342
9344
9345
9354
9358
9358
9370
9370
9375
9376
9377
9378
9381
9382
9384
9385
9387
9389
9390
9394
9394
9398
9398
9399
9399
9401
9402
9408
9413
9417
9423
9429
9429
9436
9439
9440
9441
9444
9448
9458
9458
9462
9464
9464
9465
9466
9474
9476
9476
9485
9487
9489
9496
9497
9498
9502
9508
9511
9513
9515
9520
9524
9524
9524
9524
9525
9532
9533
9534
9534
9536
9537
9537
9540
9544
9544
9546
9549
9555
9558
9560
9561
9570
9573
9574
9576
9576
9579
9581
9582
9593
9597
9598
9599
9599
9600
9600
9602
9605
9608
9609
9616
9617
9618
9626
9628
9629
9636
9637
9646
9647
9651
9651
9651
9653
9653
9655
9656
9659
9666
9668
9670
9670
9673
9675
9676
9677
9685
9686
9688
9690
9690
9691
9693
9697
9697
9698
9699
9706
9707
9709
9713
9716
9717
9717
9719
9720
9726
9730
9733
9733
9736
9742
9746
9746
9752
9757
9760
9762
9768
9768
9771
9771
9771
9774
9775
9779
9780
9782
9782
9784
9784
9791
9794
9795
9799
9800
9803
9806
9806
9807
9809
9810
9816
9818
9819
9820
9821
9823
9824
9825
9826
9828
9831
9834
9836
9836
9839
9842
9842
9842
9845
9850
9852
9855
9857
9857
9860
9865
9866
9867
9874
9875
9876
9877
9877
9880
9881
9882
9883
9885
9890
9893
9897
9900
9907
9907
9909
9910
9913
9914
9917
9918
9923
9924
9926
9928
9930
9933
9934
9935
9935
9937
9939
9940
9946
9949
9949
9951
9955
9963
9964
9967
9969
9969
9976
9979
9979
9985
9987
9993
9993
9994
10000
10000
10002
10003
10006
10010
10011
10012
10017
10020
10022
10023
10026
10027
10031
10037
10037
10038
10040
10040
10041
10041
10042
10044
10049
10051
10056
10057
10058
10063
10064
10066
10069
10072
10079
10080
10080
10081
10083
10090
10093
10094
10095
10099
10100
10108
10109
10110
10111
10112
10114
10118
10121
10122
10133
10134
10135
10137
10145
10145
10147
10148
10149
10149
10153
10157
10158
10159
10161
10163
10164
10165
10171
10172
10173
10174
10175
10176
10182
10185
10196
10196
10199
10200
10203
10205
10211
10213
10214
10215
10217
10220
10227
10233
10239
10243
10246
10248
10258
10265
10268
10270
10271
10274
10275
10275
10276
10277
10278
10279
10283
10283
10285
10286
10289
10290
10291
10293
10297
10300
10302
10306
10310
10311
10314
10316
10317
10318
10323
10324
10328
10329
10335
10340
10343
10347
10349
10355
10358
10364
10366
10369
10372
10372
10375
10375
10377
10378
10380
10381
10382
10383
10385
10386
10388
10394
10395
10397
10402
10412
10414
10415
10416
10416
10417
10421
10422
10425
10426
10427
10431
10432
10432
10433
10434
10434
10446
10447
10447
10450
10451
10452
10453
10457
10457
10461
10463
10467
10467
10468
10470
10470
10480
10481
10483
10483
10483
10492
10494
10495
10497
10507
10516
10517
10520
10522
10527
10530
10533
10535
10536
10539
10543
10545
10548
10548
10555
10555
10560
10560
10565
10567
10570
10571
10572
10573
10576
10577
10582
10584
10587
10588
10591
10591
10596
10600
10601
10603
10606
10608
10610
10620
10620
10622
10624
10625
10632
10636
10636
10636
10637
10643
10643
10647
10648
10652
10656
10660
10664
10664
10668
10670
10671
10674
10674
10677
10679
10680
10682
10682
10684
10691
10691
10692
10697
10699
10706
10707
10709
10710
10711
10711
10713
10716
10719
10730
10735
10738
10742
10742
10749
10750
10752
10753
10754
10754
10756
10757
10757
10760
10763
10764
10774
10776
10777
10779
10786
10795
10795
10795
10798
10800
10804
10811
10813
10814
10818
10820
10822
10823
10823
10830
10833
10834
10840
10840
10841
10845
10845
10846
10848
10848
10852
10856
10858
10858
10860
10861
10867
10867
10869
10871
10876
10887
10888
10890
10891
10895
10900
10902
10904
10906
10909
10910
10911
10914
10922
10923
10928
10930
10931
10933
10934
10938
10940
10940
10941
10944
10950
10952
10956
10959
10961
10961
10964
10967
10968
10970
10972
10972
10973
10981
10981
10981
10986
10986
10987
10990
10993
10995
10996
11001
11004
11010
11014
11016
11018
11020
11020
11021
11021
11022
11022
11024
11025
11026
11028
11029
11030
11031
11031
11034
11036
11039
11041
11042
11042
11050
11053
11059
11062
11062
11064
11066
11068
11068
11070
11072
11075
11081
11084
11088
11088
11088
11094
11094
11097
11103
11107
11110
11110
11111
11112
11113
11116
11119
11119
11122
11130
11134
11135
11136
11140
11141
11151
11151
11153
11154
11155
11157
11158
11162
11170
11172
11172
11172
11173
11177
11178
11182
11182
11188
11193
11197
11198
11205
11206
11208
11211
11214
11227
11227
11228
11228
11229
11232
11235
11239
11240
11242
11244
11244
11246
11249
11250
11251
11252
11255
11263
11267
11276
11284
11289
11291
11294
11294
11297
11297
11299
11301
11303
11304
11304
11305
11309
11314
11318
11320
11323
11327
11329
11329
11331
11336
11337
11345
11346
11349
11354
11364
11366
11367
11373
11380
11383
11384
11387
11391
11392
11393
11394
11394
11395
11395
11404
11405
11405
11408
11411
11420
11420
11421
11421
11427
11436
11442
11443
11446
11452
11455
11456
11459
11461
11465
11469
11470
11470
11474
11475
11484
11486
11489
11490
11494
11496
11498
11507
11507
11509
11518
11522
11524
11525
11527
11530
11530
11534
11536
11536
11536
11538
11539
11541
11543
11548
11549
11551
11554
11556
11560
11560
11560
11562
11563
11564
11572
11573
11573
11575
11579
11580
11581
11581
11584
11587
11591
11596
11598
11604
11609
11614
11614
11622
11628
11631
11632
11633
11634
11635
11638
11639
11639
11639
11644
11645
11651
11657
11661
11670
11670
11673
11675
11677
11679
11680
11686
11688
11689
11690
11690
11691
11692
11693
11698
11702
11706
11706
11708
11709
11713
11714
11714
11721
11725
11726
11728
11729
11732
11734
11736
11737
11740
11740
11743
11746
11749
11750
11750
11752
11754
11758
11759
11760
11760
11761
11762
11763
11765
11772
11779
11780
11784
11785
11786
11788
11796
11796
11798
11802
11802
11808
11810
11814
11814
11815
11818
11820
11820
11822
11838
11840
11840
11843
11843
11844
11844
11844
11846
11859
11859
11859
11862
11862
11868
11869
11872
11875
11875
11876
11881
11883
11884
11884
11887
11888
11889
11891
11893
11894
11894
11894
11897
11899
11906
11908
11909
11910
11912
11916
11917
11918
11918
11923
11924
11926
11933
11934
11937
11940
11942
11947
11950
11950
11950
11951
11955
11961
11961
11963
11965
11966
11971
11973
11975
11976
11982
11992
11993
11994
12003
12016
12016
12016
12017
12019
12024
12026
12026
12028
12029
12033
12037
12042
12043
12048
12056
12064
12067
12069
12074
12084
12085
12086
12087
12090
12090
12091
12094
12098
12101
12107
12110
12112
12118
12119
12124
12131
12135
12146
12154
12157
12158
12158
12165
12166
12169
12172
12177
12177
12185
12186
12194
12195
12196
12198
12198
12203
12205
12206
12208
12210
12219
12225
12227
12230
12233
12233
12240
12244
12252
12261
12262
12269
12270
12279
12283
12283
12283
12285
12292
12292
12300
12301
12304
12305
12305
12309
12330
12332
12332
12333
12335
12335
12336
12340
12341
12341
12346
12349
12349
12355
12355
12356
12357
12364
12366
12368
12369
12370
12371
12373
12376
12376
12382
12383
12384
12387
12393
12395
12395
12401
12402
12405
12405
12406
12408
12409
12409
12412
12414
12414
12417
12426
12426
12436
12439
12442
12446
12446
12451
12452
12453
12457
12460
12461
12468
12475
12475
12484
12486
12486
12487
12493
12493
12495
12498
12504
12506
12512
12515
12516
12518
12520
12521
12523
12525
12528
12535
12538
12539
12548
12549
12551
12551
12557
12561
12569
12572
12573
12575
12579
12585
12585
12593
12596
12600
12602
12603
12603
12605
12607
12610
12610
12611
12619
12622
12631
12639
12643
12644
12646
12646
12651
12653
12655
12663
12665
12668
12673
12675
12677
12677
12684
12695
12696
12700
12702
12703
12703
12706
12713
12717
12718
12719
12720
12721
12725
12725
12729
12730
12734
12735
12738
12739
12743
12746
12750
12755
12755
12760
12768
12773
12780
12781
12790
12797
12800
12805
12805
12805
12806
12808
12809
12813
12817
12820
12831
12835
12835
12838
12839
12842
12847
12851
12857
12860
12861
12868
12884
12891
12892
12901
12902
12911
12914
12915
12916
12922
12922
12924
12930
12930
12936
12938
12943
12944
12949
12956
12960
12967
12970
12972
12974
12976
12976
12981
12982
12983
12990
12991
12993
12997
13000
13003
13011
13012
13016
13027
13030
13033
13034
13034
13037
13045
13047
13048
13050
13063
13063
13064
13066
13071
13072
13084
13084
13087
13087
13087
13092
13095
13099
13100
13102
13113
13117
13128
13137
13137
13138
13148
13152
13154
13156
13159
13165
13175
13177
13181
13183
13183
13184
13184
13186
13189
13190
13190
13192
13193
13196
13199
13209
13209
13213
13217
13218
13221
13226
13227
13230
13232
13234
13237
13238
13240
13240
13242
13245
13249
13250
13256
13256
13264
13267
13269
13278
13279
13280
13285
13299
13302
13302
13302
13317
13318
13319
13322
13323
13329
13334
13335
13335
13337
13338
13342
13345
13346
13348
13349
13360
13367
13371
13385
13400
13401
13403
13406
13407
13413
13414
13417
13422
13422
13428
13438
13439
13445
13446
13450
13452
13453
13455
13456
13465
13466
13474
13475
13481
13481
13486
13492
13494
13495
13495
13500
13511
13511
13511
13522
13532
13534
13536
13538
13539
13557
13574
13584
13586
13588
13589
13589
13590
13591
13592
13594
13597
13598
13600
13605
13609
13616
13620
13631
13633
13641
13643
13645
13648
13653
13654
13659
13660
13661
13662
13664
13673
13674
13675
13675
13676
13680
13683
13685
13690
13692
13694
13697
13701
13703
13707
13708
13709
13709
13710
13718
13721
13721
13725
13729
13732
13733
13735
13735
13738
13740
13743
13744
13745
13746
13753
13755
13755
13755
13757
13762
13764
13771
13773
13775
13777
13778
13781
13786
13789
13790
13794
13795
13795
13796
13798
13799
13809
13813
13818
13819
13825
13825
13830
13832
13833
13835
13839
13840
13840
13840
13851
13852
13853
13854
13858
13865
13865
13873
13887
13901
13901
13903
13905
13905
13912
13912
13913
13915
13918
13922
13926
13931
13937
13940
13940
13943
13943
13945
13953
13957
13964
13967
13971
13973
13973
13989
13989
13993
13996
13997
14012
14014
14022
14025
14027
14033
14037
14037
14041
14041
14043
14043
14044
14044
14051
14055
14060
14061
14062
14064
14065
14066
14067
14074
14075
14075
14080
14081
14082
14084
14086
14089
14092
14094
14097
14097
14098
14102
14103
14103
14107
14114
14115
14116
14124
14124
14124
14127
14128
14131
14137
14139
14141
14145
14145
14148
14149
14149
14153
14155
14156
14164
14166
14173
14181
14183
14185
14185
14187
14190
14194
14199
14202
14207
14207
14211
14212
14218
14222
14224
14227
14230
14232
14235
14239
14239
14241
14242
14244
14252
14253
14256
14261
14265
14270
14271
14280
14282
14285
14285
14286
14290
14294
14301
14306
14311
14311
14317
14320
14320
14331
14333
14336
14342
14344
14345
14346
14353
14356
14359
14378
14379
14380
14391
14391
14421
14426
14430
14431
14433
14434
14440
14442
14446
14448
14451
14453
14463
14482
14483
14484
14489
14491
14497
14498
14498
14499
14500
14500
14502
14503
14508
14510
14511
14512
14513
14519
14523
14523
14528
14529
14530
14537
14540
14546
14558
14558
14567
14570
14572
14576
14579
14581
14584
14587
14591
14592
14594
14600
14603
14605
14613
14616
14625
14628
14631
14631
14633
14634
14636
14638
14638
14641
14642
14643
14647
14650
14653
14659
14660
14662
14667
14682
14683
14685
14686
14691
14692
14702
14702
14704
14708
14710
14711
14712
14713
14718
14720
14733
14736
14747
14748
14752
14757
14763
14767
14769
14774
14774
14776
14784
14790
14797
14802
14806
14816
14822
14826
14829
14834
14835
14839
14840
14842
14842
14847
14849
14850
14860
14862
14863
14867
14869
14871
14873
14874
14881
14889
14900
14905
14907
14919
14929
14929
14930
14932
14944
14946
14957
14958
14963
14966
14967
14968
14972
14984
14991
14993
14996
14997
14999
15005
15005
15006
15006
15011
15014
15019
15030
15034
15034
15037
15039
15046
15052
15052
15054
15056
15057
15058
15061
15064
15067
15068
15073
15075
15080
15081
15082
15083
15085
15085
15086
15088
15090
15090
15091
15092
15098
15103
15109
15113
15118
15119
15120
15121
15122
15123
15128
15130
15134
15143
15167
15170
15172
15174
15177
15178
15182
15184
15185
15185
15186
15192
15193
15197
15202
15212
15212
15212
15212
15214
15219
15220
15222
15238
15244
15245
15246
15246
15247
15248
15249
15250
15251
15251
15252
15252
15253
15254
15259
15261
15262
15267
15271
15275
15282
15283
15287
15289
15291
15297
15297
15302
15305
15310
15313
15314
15326
15327
15327
15328
15330
15331
15333
15334
15342
15346
15348
15349
15352
15359
15368
15376
15384
15396
15399
15399
15400
15407
15408
15413
15413
15420
15421
15423
15427
15432
15435
15436
15439
15443
15445
15446
15453
15461
15464
15466
15468
15474
15476
15477
15482
15486
15492
15493
15499
15506
15510
15512
15516
15519
15529
15532
15542
15552
15557
15563
15566
15576
15577
15582
15582
15583
15586
15587
15593
15596
15596
15596
15598
15599
15601
15606
15607
15613
15617
15622
15628
15628
15630
15635
15636
15639
15643
15655
15656
15669
15680
15687
15692
15693
15695
15705
15716
15724
15724
15726
15728
15737
15742
15757
15770
15775
15780
15789
15795
15797
15808
15812
15814
15815
15817
15820
15823
15823
15825
15833
15835
15842
15844
15845
15850
15853
15856
15859
15861
15864
15869
15869
15871
15875
15877
15878
15881
15890
15893
15899
15902
15913
15913
15914
15917
15918
15924
15925
15935
15936
15945
15959
15962
15965
15966
15967
15967
15968
15971
15971
15978
15980
15994
15997
15998
16001
16003
16004
16018
16020
16023
16024
16031
16032
16040
16041
16042
16047
16050
16059
16063
16064
16066
16078
16081
16091
16093
16101
16101
16103
16108
16111
16117
16121
16124
16127
16127
16127
16134
16134
16139
16152
16153
16162
16165
16170
16174
16177
16180
16197
16202
16205
16213
16214
16218
16221
16224
16225
16233
16234
16249
16250
16253
16259
16263
16265
16271
16284
16288
16291
16293
16303
16305
16315
16319
16320
16320
16326
16331
16335
16340
16344
16354
16356
16362
16363
16367
16367
16373
16382
16384
16386
16393
16397
16398
16400
16402
16408
16415
16416
16417
16432
16432
16439
16447
16452
16458
16462
16465
16470
16472
16482
16485
16485
16502
16508
16514
16517
16524
16525
16525
16527
16530
16545
16545
16545
16547
16550
16553
16559
16565
16569
16574
16576
16577
16583
16589
16592
16594
16598
16599
16619
16620
16625
16626
16628
16628
16632
16633
16635
16638
16648
16649
16651
16653
16656
16658
16658
16664
16669
16669
16671
16672
16673
16673
16673
16676
16679
16690
16699
16704
16706
16720
16720
16720
16721
16722
16730
16733
16740
16750
16753
16761
16765
16777
16782
16783
16786
16786
16789
16791
16793
16800
16802
16809
16811
16814
16819
16821
16822
16837
16856
16858
16866
16869
16874
16876
16877
16880
16886
16887
16902
16903
16907
16912
16913
16922
16925
16929
16933
16933
16937
16939
16941
16958
16964
16967
16967
16972
16973
16985
16989
16992
16993
16994
16997
16998
17010
17030
17030
17032
17042
17051
17062
17077
17094
17101
17103
17123
17127
17129
17143
17152
17156
17158
17159
17159
17162
17162
17164
17166
17166
17177
17187
17189
17190
17191
17192
17197
17201
17205
17208
17213
17216
17220
17221
17231
17232
17241
17242
17254
17255
17256
17257
17257
17263
17263
17264
17279
17279
17280
17288
17289
17291
17295
17295
17298
17301
17309
17313
17314
17316
17342
17346
17348
17349
17350
17350
17356
17361
17361
17361
17363
17372
17374
17376
17376
17380
17381
17383
17390
17390
17391
17391
17402
17405
17415
17416
17417
17418
17421
17422
17423
17426
17428
17432
17434
17436
17438
17442
17446
17447
17455
17455
17463
17474
17476
17479
17496
17497
17499
17500
17502
17509
17510
17516
17531
17533
17535
17543
17548
17550
17553
17554
17559
17561
17567
17569
17583
17585
17590
17593
17594
17600
17605
17613
17614
17615
17615
17618
17619
17622
17626
17633
17636
17638
17642
17647
17647
17651
17652
17653
17656
17658
17658
17661
17662
17663
17667
17668
17670
17679
17680
17685
17686
17690
17694
17694
17706
17713
17715
17718
17720
17726
17729
17737
17739
17745
17746
17746
17751
17754
17758
17759
17771
17775
17782
17788
17789
17789
17790
17808
17808
17815
17816
17824
17828
17831
17837
17838
17840
17840
17844
17846
17853
17854
17857
17858
17870
17879
17886
17889
17893
17918
17919
17920
17922
17923
17924
17924
17927
17929
17929
17931
17937
17938
17938
17940
17941
17942
17947
17952
17953
17956
17960
17962
17967
17971
17972
17982
17995
18000
18001
18011
18012
18021
18026
18027
18046
18047
18057
18058
18060
18061
18062
18074
18077
18078
18078
18083
18087
18093
18093
18095
18100
18111
18128
18129
18132
18133
18139
18140
18150
18150
18150
18153
18158
18160
18161
18166
18168
18171
18172
18172
18172
18183
18184
18185
18187
18188
18189
18191
18196
18205
18210
18218
18223
18229
18230
18231
18232
18238
18239
18240
18243
18269
18275
18299
18313
18314
18322
18334
18339
18348
18356
18361
18364
18365
18382
18384
18384
18401
18402
18413
18413
18422
18422
18429
18440
18448
18449
18452
18462
18470
18474
18475
18475
18479
18480
18481
18482
18483
18487
18490
18502
18513
18514
18522
18523
18523
18525
18525
18526
18527
18528
18539
18539
18541
18582
18591
18596
18596
18603
18607
18614
18618
18622
18640
18642
18642
18642
18648
18648
18665
18669
18680
18690
18704
18705
18706
18710
18716
18718
18726
18727
18731
18732
18736
18742
18744
18753
18757
18759
18759
18762
18772
18774
18783
18784
18785
18794
18796
18799
18811
18813
18816
18819
18866
18867
18869
18873
18883
18886
18895
18898
18900
18902
18907
18907
18910
18919
18921
18928
18931
18936
18940
18944
18952
18954
18956
18956
18971
18975
18977
18979
18979
18982
18996
19001
19003
19004
19011
19014
19015
19016
19023
19024
19034
19050
19054
19055
19057
19058
19074
19075
19081
19083
19086
19100
19102
19104
19107
19114
19116
19116
19119
19136
19137
19139
19140
19141
19145
19154
19156
19167
19176
19179
19194
19202
19203
19204
19209
19211
19212
19215
19218
19222
19228
19229
19230
19238
19243
19255
19265
19266
19267
19267
19268
19268
19274
19274
19277
19277
19297
19297
19298
19305
19308
19308
19313
19314
19319
19324
19328
19328
19329
19338
19349
19359
19359
19377
19378
19379
19380
19384
19394
19397
19404
19408
19409
19418
19426
19441
19445
19455
19456
19470
19477
19483
19484
19499
19499
19509
19514
19515
19517
19519
19520
19522
19529
19534
19545
19548
19548
19551
19551
19552
19558
19559
19563
19565
19567
19569
19570
19573
19582
19589
19595
19597
19611
19616
19620
19621
19622
19625
19627
19632
19637
19638
19645
19646
19649
19651
19657
19659
19661
19665
19665
19672
19675
19679
19682
19682
19685
19700
19708
19709
19718
19720
19725
19728
19730
19731
19733
19737
19765
19773
19774
19777
19788
19790
19795
19796
19800
19805
19806
19807
19813
19831
19831
19835
19835
19839
19844
19869
19869
19872
19879
19884
19885
19886
19888
19897
19900
19915
19916
19947
19947
19947
19957
19962
19964
19967
19974
19979
19981
19990
19992
19997
19998
20006
20050
20060
20062
20065
20069
20079
20085
20096
20103
20109
20124
20132
20135
20156
20157
20163
20165
20179
20179
20183
20183
20184
20188
20190
20201
20201
20206
20209
20216
20216
20218
20219
20223
20223
20224
20226
20228
20234
20235
20240
20242
20245
20245
20258
20268
20278
20281
20291
20295
20302
20303
20308
20318
20321
20329
20336
20336
20343
20347
20348
20360
20364
20368
20372
20378
20379
20379
20381
20391
20395
20402
20402
20412
20413
20413
20427
20430
20445
20448
20454
20467
20474
20491
20495
20497
20502
20506
20514
20517
20523
20530
20533
20533
20536
20545
20552
20553
20555
20572
20588
20608
20610
20614
20616
20617
20632
20635
20640
20650
20660
20664
20664
20672
20674
20676
20691
20698
20706
20715
20726
20727
20727
20739
20755
20756
20757
20759
20765
20768
20769
20787
20799
20800
20810
20832
20853
20862
20864
20867
20875
20881
20894
20894
20898
20905
20910
20916
20923
20929
20932
20942
20945
20947
20954
20959
20961
20963
20969
20975
20993
21008
21008
21011
21014
21023
21024
21031
21037
21037
21043
21055
21069
21075
21076
21083
21084
21103
21107
21111
21114
21133
21159
21160
21164
21171
21175
21204
21205
21206
21216
21231
21235
21235
21237
21250
21261
21274
21283
21284
21289
21305
21309
21319
21325
21330
21334
21347
21369
21374
21413
21418
21429
21436
21439
21441
21459
21464
21483
21499
21502
21504
21513
21513
21520
21525
21537
21539
21540
21551
21564
21575
21581
21582
21620
21625
21626
21626
21653
21660
21664
21680
21681
21685
21687
21695
21696
21699
21703
21720
21723
21738
21739
21755
21758
21758
21758
21794
21805
21811
21815
21829
21831
21839
21845
21859
21861
21866
21884
21892
21899
21905
21912
21913
21959
21971
21983
21992
21993
21998
21999
22003
22005
22043
22052
22056
22081
22087
22106
22122
22129
22129
22139
22141
22190
22197
22201
22216
22218
22220
22223
22230
22231
22234
22238
22240
22247
22254
22262
22285
22297
22302
22324
22325
22331
22334
22342
22345
22346
22360
22374
22383
22388
22396
22408
22415
22428
22440
22446
22457
22457
22478
22482
22532
22533
22536
22547
22550
22557
22602
22622
22623
22644
22645
22649
22653
22673
22684
22687
22693
22726
22770
22772
22810
22811
22817
22845
22850
22860
22872
22885
22898
22904
22920
22930
22943
22949
22951
22955
22973
23038
23062
23067
23119
23145
23157
23163
23163
23183
23210
23221
23222
23267
23275
23283
23286
23309
23336
23348
23354
23361
23388
23407
23430
23435
23440
23453
23473
23475
23491
23505
23510
23528
23531
23533
23556
23560
23586
23597
23630
23726
23809
23811
23852
23854
23873
23883
23884
23886
23912
23914
23916
23932
23959
23968
23971
23998
24002
24005
24023
24024
24040
24059
24067
24069
24117
24141
24144
24171
24216
24231
24233
24240
24242
24284
24296
24319
24321
24355
24386
24423
24444
24464
24471
24473
24475
24480
24516
24517
24533
24577
24588
24599
24623
24650
24674
24691
24761
24774
24789
24832
24839
24870
24939
24945
24978
24978
24980
24987
24995
25005
25020
25028
25037
25071
25074
25080
25094
25099
25129
25132
25137
25152
25221
25222
25232
25234
25246
25370
25374
25434
25478
25497
25546
25579
25580
25628
25691
25710
25710
25731
25787
25803
25804
25810
25827
25848
25856
25883
25913
25934
25940
25961
26029
26049
26076
26092
26117
26168
26217
26234
26268
26272
26298
26311
26364
26373
26378
26438
26521
26602
26611
26613
26702
26703
26731
26734
26777
26800
26831
26857
26924
26939
26980
27035
27047
27059
27082
27102
27246
27262
27262
27286
27357
27375
27485
27492
27628
27696
27724
27733
27855
28062
28110
28158
28230
28230
28252
28319
28337
28342
28349
28459
28470
28569
28775
28776
28901
28928
29070
29087
29088
29101
29273
29409
29621
29657
29670
29741
29800
29813
30222
30281
30299
30312
30490
30499
30609
30651
30699
30875
31290
31295
31412
31497
31625
31783
31817
31982
31982
31984
32095
32325
32392
32405
32589
32677
32838
32981
33738
33961
34129
34317
34364
34385
34385
34939
34970
34996
35146
35210
35319
35794
36062
36317
36349
36570
36636
36785
38500
39208
39452
39623
39751
40196
