1002
1003
1004
1004
1007
1007
1012
1013
1015
1016
1016
1018
1018
1019
1019
1020
1022
1023
1023
1024
1024
1025
1025
1026
1026
1027
1029
1029
1030
1031
1033
1035
1036
1036
1038
1038
1045
1047
1048
1049
1049
1049
1051
1051
1051
1052
1053
1054
1055
1055
1056
1057
1058
1060
1064
1064
1065
1066
1066
1068
1069
1069
1070
1070
1071
1071
1072
1072
1072
1074
1074
1074
1076
1077
1077
1077
1077
1078
1081
1082
1082
1084
1084
1087
1088
1088
1089
1091
1095
1095
1095
1095
1096
1099
1100
1100
1100
1102
1102
1102
1104
1105
1106
1107
1107
1110
1111
1113
1113
1114
1114
1115
1115
1118
1118
1119
1119
1119
1120
1121
1121
1122
1123
1124
1124
1128
1128
1130
1132
1132
1132
1132
1135
1136
1136
1138
1138
1139
1140
1140
1142
1144
1144
1144
1145
1146
1147
1148
1149
1150
1152
1152
1152
1153
1153
1154
1154
1156
1157
1158
1158
1158
1158
1158
1158
1159
1159
1160
1160
1161
1162
1162
1163
1166
1166
1167
1170
1171
1172
1173
1176
1176
1176
1177
1178
1178
1178
1178
1179
1180
1181
1181
1181
1182
1182
1184
1186
1187
1187
1187
1188
1188
1188
1189
1191
1191
1192
1193
1194
1196
1197
1197
1199
1200
1200
1200
1201
1202
1204
1207
1208
1208
1208
1210
1210
1210
1210
1211
1212
1213
1213
1213
1214
1214
1215
1215
1216
1217
1217
1217
1218
1219
1220
1222
1222
1222
1222
1223
1223
1225
1225
1226
1229
1230
1231
1235
1235
1236
1236
1236
1237
1239
1241
1242
1243
1243
1243
1244
1246
1247
1250
1250
1251
1254
1254
1254
1256
1257
1258
1259
1260
1261
1261
1261
1261
1263
1264
1264
1267
1267
1267
1269
1269
1269
1270
1271
1275
1280
1280
1281
1283
1283
1284
1287
1287
1288
1288
1289
1289
1290
1291
1294
1294
1294
1295
1295
1296
1297
1298
1298
1299
1300
1300
1302
1303
1303
1304
1306
1308
1308
1309
1310
1312
1313
1314
1314
1315
1316
1316
1317
1317
1317
1319
1320
1323
1324
1327
1327
1328
1328
1329
1329
1332
1333
1334
1334
1335
1335
1335
1336
1337
1338
1339
1340
1341
1343
1344
1346
1346
1347
1347
1347
1348
1350
1350
1351
1351
1352
1355
1358
1358
1360
1361
1361
1362
1364
1365
1366
1367
1368
1369
1369
1370
1370
1371
1372
1372
1374
1376
1376
1377
1377
1378
1379
1380
1380
1380
1380
1380
1381
1381
1381
1383
1387
1389
1390
1391
1391
1393
1393
1394
1395
1396
1397
1398
1400
1401
1401
1402
1402
1403
1403
1404
1407
1410
1411
1411
1412
1414
1415
1415
1415
1415
1415
1418
1418
1420
1421
1423
1425
1427
1428
1429
1431
1432
1433
1436
1437
1438
1440
1441
1442
1442
1443
1443
1443
1444
1448
1448
1450
1451
1451
1451
1451
1452
1452
1454
1456
1457
1458
1458
1459
1464
1465
1465
1465
1468
1469
1469
1470
1472
1472
1472
1473
1474
1474
1475
1477
1477
1477
1478
1478
1478
1479
1481
1482
1482
1482
1484
1485
1485
1486
1487
1488
1488
1488
1489
1490
1490
1492
1492
1492
1494
1497
1497
1499
1499
1501
1504
1504
1505
1506
1509
1510
1512
1515
1516
1517
1517
1517
1520
1522
1523
1523
1526
1530
1532
1532
1533
1535
1536
1536
1536
1540
1540
1541
1541
1543
1544
1544
1546
1546
1546
1549
1549
1550
1550
1551
1552
1553
1554
1555
1556
1557
1558
1558
1559
1560
1560
1560
1561
1561
1561
1561
1562
1563
1565
1565
1566
1568
1568
1569
1570
1571
1571
1572
1573
1574
1574
1574
1575
1575
1575
1577
1577
1578
1580
1582
1583
1585
1586
1587
1587
1587
1589
1590
1591
1591
1591
1593
1593
1594
1594
1596
1598
1599
1602
1602
1602
1604
1606
1607
1608
1608
1609
1612
1614
1617
1618
1618
1621
1621
1623
1624
1625
1625
1625
1626
1627
1628
1628
1628
1629
1629
1631
1632
1632
1635
1639
1641
1642
1644
1644
1644
1644
1645
1646
1646
1648
1649
1650
1651
1653
1654
1655
1655
1655
1656
1657
1658
1659
1659
1659
1660
1661
1661
1662
1663
1663
1663
1664
1665
1666
1667
1667
1668
1668
1668
1669
1670
1671
1672
1674
1675
1675
1676
1677
1679
1679
1681
1681
1681
1681
1684
1686
1687
1688
1689
1690
1690
1691
1691
1692
1693
1695
1695
1697
1698
1699
1702
1703
1704
1705
1707
1709
1709
1710
1710
1711
1713
1714
1714
1715
1716
1717
1717
1718
1719
1720
1720
1722
1726
1726
1727
1729
1729
1731
1732
1735
1739
1739
1740
1740
1741
1743
1745
1745
1746
1746
1747
1747
1750
1750
1751
1752
1753
1755
1756
1756
1757
1758
1762
1762
1763
1764
1766
1766
1767
1767
1768
1773
1776
1777
1777
1779
1779
1780
1782
1782
1782
1783
1785
1786
1786
1788
1788
1789
1789
1789
1792
1795
1796
1797
1798
1801
1802
1802
1803
1803
1805
1809
1809
1811
1814
1815
1816
1816
1817
1818
1819
1820
1822
1822
1823
1823
1824
1825
1825
1827
1827
1829
1829
1829
1830
1832
1833
1834
1834
1835
1835
1837
1837
1837
1837
1839
1839
1839
1840
1841
1842
1844
1844
1848
1850
1851
1852
1852
1854
1855
1855
1856
1857
1859
1859
1860
1863
1863
1863
1864
1865
1866
1868
1869
1871
1872
1873
1873
1875
1875
1876
1877
1879
1879
1881
1881
1881
1882
1884
1885
1886
1888
1889
1889
1890
1890
1890
1892
1894
1895
1899
1900
1902
1904
1905
1906
1908
1909
1910
1910
1912
1913
1913
1914
1916
1916
1917
1918
1919
1920
1920
1922
1924
1925
1926
1927
1927
1927
1928
1930
1931
1932
1932
1932
1932
1933
1934
1935
1936
1936
1937
1938
1938
1940
1941
1942
1944
1945
1947
1947
1947
1949
1949
1950
1950
1951
1953
1953
1954
1954
1956
1956
1956
1957
1957
1959
1960
1961
1961
1961
1961
1964
1965
1967
1968
1969
1970
1971
1972
1974
1974
1975
1976
1976
1978
1980
1981
1981
1982
1982
1983
1984
1984
1984
1986
1987
1987
1987
1987
1988
1989
1989
1990
1991
1993
1993
1993
1993
1995
1997
2001
2001
2001
2002
2003
2005
2006
2006
2007
2007
2009
2014
2014
2014
2015
2015
2015
2018
2018
2018
2019
2019
2020
2021
2022
2022
2022
2023
2023
2023
2025
2026
2027
2028
2030
2030
2031
2033
2034
2034
2035
2037
2038
2038
2038
2038
2038
2039
2039
2043
2043
2044
2045
2045
2048
2048
2050
2053
2054
2056
2059
2061
2063
2063
2063
2064
2070
2073
2073
2075
2075
2075
2077
2078
2078
2078
2079
2083
2084
2085
2085
2085
2086
2087
2089
2089
2090
2091
2092
2095
2097
2097
2097
2097
2098
2098
2099
2099
2100
2102
2102
2102
2102
2103
2103
2104
2105
2106
2106
2107
2108
2109
2110
2111
2113
2113
2114
2114
2114
2115
2116
2116
2120
2120
2121
2121
2122
2122
2122
2124
2124
2126
2127
2127
2129
2132
2133
2134
2134
2135
2136
2137
2137
2137
2140
2141
2141
2142
2143
2144
2146
2146
2147
2147
2147
2149
2149
2149
2149
2151
2151
2152
2155
2155
2156
2158
2158
2159
2159
2159
2160
2161
2161
2163
2163
2163
2163
2164
2166
2166
2167
2169
2171
2171
2174
2175
2175
2179
2180
2181
2183
2184
2184
2185
2188
2189
2189
2190
2191
2195
2195
2197
2202
2206
2207
2207
2208
2209
2209
2211
2212
2213
2213
2215
2216
2216
2217
2217
2220
2220
2223
2224
2224
2226
2228
2229
2229
2230
2230
2230
2235
2236
2236
2239
2239
2239
2239
2242
2243
2244
2247
2248
2248
2249
2249
2251
2257
2258
2260
2260
2261
2261
2262
2263
2264
2265
2265
2266
2268
2269
2271
2272
2272
2273
2274
2277
2277
2277
2279
2282
2282
2283
2284
2287
2288
2288
2289
2289
2290
2292
2293
2293
2293
2293
2294
2295
2296
2296
2300
2301
2303
2304
2307
2308
2312
2312
2314
2314
2315
2316
2318
2321
2323
2323
2324
2328
2329
2330
2330
2331
2331
2334
2336
2337
2337
2339
2339
2340
2341
2341
2341
2342
2342
2343
2343
2344
2344
2344
2346
2346
2347
2347
2348
2348
2348
2351
2351
2352
2354
2355
2356
2360
2361
2361
2362
2362
2363
2366
2366
2367
2368
2369
2369
2369
2369
2370
2371
2371
2371
2371
2372
2373
2373
2374
2375
2379
2380
2380
2381
2381
2382
2383
2387
2387
2388
2388
2389
2390
2394
2394
2395
2395
2396
2396
2396
2398
2401
2402
2403
2404
2405
2406
2406
2407
2408
2408
2409
2410
2412
2412
2413
2413
2414
2416
2417
2418
2420
2420
2422
2423
2425
2426
2427
2428
2428
2428
2428
2432
2434
2435
2435
2436
2436
2437
2438
2439
2439
2440
2440
2441
2443
2447
2449
2451
2452
2452
2452
2453
2453
2454
2458
2463
2465
2466
2466
2469
2469
2469
2471
2471
2472
2473
2473
2473
2474
2475
2476
2477
2481
2482
2483
2483
2485
2488
2488
2488
2489
2490
2492
2492
2492
2497
2500
2502
2502
2503
2507
2508
2508
2508
2509
2509
2509
2510
2511
2513
2513
2514
2515
2516
2518
2520
2523
2524
2526
2528
2532
2535
2537
2539
2540
2541
2542
2543
2543
2544
2545
2548
2549
2549
2550
2552
2554
2557
2559
2562
2562
2562
2563
2565
2566
2566
2567
2567
2568
2570
2573
2573
2578
2578
2580
2581
2585
2585
2587
2587
2587
2587
2588
2591
2592
2592
2593
2594
2594
2597
2600
2601
2605
2606
2609
2609
2611
2612
2612
2612
2614
2614
2615
2615
2616
2618
2621
2622
2622
2624
2626
2627
2628
2629
2630
2631
2633
2635
2637
2638
2639
2640
2643
2644
2645
2645
2645
2646
2646
2647
2650
2650
2651
2651
2652
2652
2652
2653
2656
2656
2656
2656
2657
2658
2658
2659
2659
2659
2662
2664
2665
2667
2667
2668
2668
2668
2669
2669
2670
2670
2671
2672
2673
2674
2674
2677
2678
2678
2679
2679
2679
2679
2680
2681
2685
2686
2689
2692
2692
2693
2694
2695
2696
2697
2698
2703
2703
2703
2704
2704
2710
2711
2712
2712
2712
2714
2718
2723
2723
2724
2724
2725
2726
2726
2730
2733
2735
2735
2735
2736
2738
2739
2741
2742
2743
2743
2743
2744
2745
2745
2746
2748
2748
2752
2753
2753
2755
2756
2758
2759
2760
2761
2766
2766
2767
2767
2768
2768
2769
2770
2772
2777
2777
2778
2778
2779
2780
2780
2780
2781
2784
2784
2787
2788
2791
2792
2792
2792
2792
2793
2793
2793
2794
2795
2797
2798
2798
2799
2800
2800
2802
2803
2804
2806
2809
2810
2810
2811
2813
2813
2814
2814
2816
2819
2821
2822
2822
2822
2824
2825
2828
2829
2830
2832
2834
2835
2838
2839
2841
2841
2842
2842
2842
2843
2844
2846
2846
2847
2850
2851
2851
2853
2855
2856
2858
2862
2862
2862
2863
2866
2867
2867
2868
2869
2869
2870
2872
2872
2872
2873
2874
2874
2875
2877
2877
2877
2877
2878
2879
2880
2882
2883
2885
2885
2885
2890
2890
2890
2890
2893
2894
2895
2897
2898
2901
2902
2903
2906
2912
2912
2915
2916
2916
2917
2920
2921
2923
2926
2932
2932
2936
2937
2938
2940
2942
2942
2942
2943
2943
2944
2945
2946
2948
2950
2951
2951
2952
2953
2954
2956
2958
2960
2962
2963
2964
2964
2965
2966
2967
2968
2968
2968
2970
2972
2973
2977
2978
2978
2980
2980
2981
2981
2982
2982
2982
2983
2986
2986
2987
2987
2989
2990
2994
2996
2997
2997
2998
2998
2999
2999
3004
3005
3005
3006
3007
3009
3010
3015
3015
3016
3017
3018
3018
3018
3022
3028
3029
3031
3033
3033
3034
3035
3037
3038
3039
3046
3047
3048
3050
3052
3053
3054
3056
3057
3057
3062
3064
3066
3068
3070
3070
3074
3075
3076
3077
3078
3079
3079
3082
3082
3084
3087
3087
3087
3088
3089
3090
3090
3091
3094
3094
3095
3095
3098
3099
3104
3104
3106
3107
3108
3109
3110
3112
3112
3114
3115
3118
3119
3119
3119
3120
3121
3122
3123
3124
3125
3126
3126
3130
3131
3132
3133
3135
3135
3137
3140
3140
3141
3143
3144
3144
3145
3146
3149
3149
3150
3151
3152
3155
3156
3156
3157
3157
3159
3159
3162
3166
3166
3168
3168
3169
3170
3170
3177
3177
3178
3183
3183
3183
3186
3188
3192
3193
3195
3201
3202
3203
3205
3207
3211
3212
3218
3219
3223
3223
3224
3225
3226
3226
3227
3227
3228
3228
3229
3229
3229
3230
3231
3231
3231
3231
3231
3233
3235
3235
3238
3239
3241
3243
3245
3245
3245
3249
3249
3253
3253
3253
3254
3254
3254
3257
3261
3263
3264
3264
3266
3267
3267
3268
3268
3270
3272
3273
3273
3273
3275
3275
3279
3284
3284
3286
3287
3292
3293
3293
3295
3296
3297
3297
3302
3303
3303
3304
3304
3305
3306
3308
3310
3314
3315
3318
3319
3319
3323
3326
3327
3327
3331
3331
3332
3333
3334
3337
3337
3337
3340
3345
3346
3347
3347
3349
3351
3352
3353
3353
3355
3357
3359
3360
3361
3362
3362
3364
3364
3368
3368
3369
3371
3372
3372
3375
3378
3378
3383
3386
3386
3387
3387
3388
3389
3391
3392
3394
3394
3396
3398
3400
3401
3402
3402
3404
3406
3411
3413
3420
3421
3422
3428
3431
3434
3434
3437
3437
3437
3440
3442
3442
3445
3450
3452
3453
3454
3455
3456
3456
3457
3458
3460
3461
3464
3465
3465
3465
3469
3470
3471
3474
3481
3483
3483
3484
3485
3485
3485
3486
3489
3490
3491
3492
3498
3501
3501
3504
3505
3506
3507
3508
3508
3508
3510
3510
3511
3518
3522
3522
3522
3523
3524
3527
3529
3531
3531
3532
3534
3535
3535
3536
3541
3541
3541
3541
3542
3543
3545
3545
3546
3547
3548
3548
3548
3549
3550
3558
3561
3563
3563
3565
3565
3569
3570
3574
3576
3578
3579
3579
3582
3584
3585
3585
3588
3589
3590
3590
3592
3592
3594
3594
3594
3596
3596
3600
3603
3604
3605
3607
3611
3612
3613
3614
3617
3619
3623
3623
3625
3626
3628
3629
3629
3629
3632
3635
3636
3637
3638
3640
3642
3642
3642
3644
3646
3647
3647
3649
3650
3650
3654
3656
3660
3661
3662
3665
3669
3673
3677
3679
3681
3682
3684
3687
3688
3688
3689
3690
3691
3693
3693
3694
3697
3697
3698
3698
3700
3701
3701
3703
3703
3704
3708
3709
3710
3711
3713
3715
3716
3717
3717
3720
3720
3721
3721
3723
3724
3730
3731
3734
3735
3737
3737
3737
3740
3741
3747
3748
3753
3759
3759
3759
3759
3759
3761
3763
3763
3766
3773
3775
3777
3778
3781
3781
3781
3782
3787
3788
3790
3793
3794
3794
3794
3795
3796
3803
3805
3806
3812
3818
3818
3819
3824
3828
3829
3831
3833
3837
3840
3843
3843
3844
3846
3846
3850
3852
3855
3857
3858
3858
3860
3860
3863
3864
3866
3867
3870
3871
3872
3873
3876
3879
3879
3879
3880
3883
3885
3887
3889
3893
3895
3896
3896
3896
3897
3897
3898
3899
3900
3900
3901
3902
3908
3910
3910
3911
3911
3911
3911
3912
3915
3916
3916
3917
3920
3920
3923
3925
3927
3928
3933
3935
3935
3939
3945
3946
3949
3950
3951
3953
3954
3960
3961
3964
3965
3965
3967
3969
3970
3972
3972
3972
3973
3975
3977
3979
3984
3985
3986
3986
3990
3991
3992
3993
3996
4003
4005
4006
4006
4007
4007
4008
4008
4014
4015
4016
4017
4019
4019
4023
4023
4024
4025
4027
4028
4028
4029
4030
4034
4034
4035
4035
4035
4037
4044
4044
4046
4054
4056
4056
4057
4058
4058
4062
4062
4064
4065
4065
4065
4070
4070
4082
4084
4085
4088
4091
4091
4093
4098
4098
4099
4100
4100
4101
4101
4102
4110
4112
4113
4114
4114
4119
4121
4122
4123
4126
4128
4129
4130
4130
4131
4133
4138
4139
4140
4141
4142
4142
4146
4147
4149
4150
4158
4158
4161
4161
4162
4162
4166
4168
4169
4170
4176
4177
4179
4180
4181
4185
4186
4188
4188
4188
4190
4193
4195
4195
4197
4198
4201
4202
4206
4207
4212
4213
4213
4214
4214
4215
4219
4219
4228
4233
4233
4233
4234
4234
4234
4243
4244
4245
4248
4249
4249
4249
4251
4252
4253
4253
4255
4256
4256
4258
4259
4262
4269
4273
4274
4278
4279
4280
4281
4285
4285
4287
4288
4291
4291
4292
4292
4295
4298
4299
4303
4304
4309
4311
4314
4315
4315
4316
4318
4318
4319
4319
4321
4334
4334
4337
4338
4339
4339
4340
4340
4343
4346
4346
4349
4351
4356
4357
4357
4357
4358
4358
4360
4361
4362
4366
4368
4373
4374
4376
4376
4378
4381
4384
4384
4386
4386
4390
4391
4394
4396
4397
4398
4398
4400
4401
4404
4404
4407
4408
4410
4410
4410
4410
4410
4411
4411
4412
4412
4412
4415
4418
4421
4422
4422
4432
4434
4436
4437
4440
4446
4447
4448
4450
4451
4452
4458
4458
4460
4460
4462
4464
4464
4467
4467
4470
4471
4473
4474
4475
4475
4478
4479
4481
4486
4487
4488
4490
4492
4494
4498
4499
4502
4502
4503
4505
4506
4506
4510
4514
4514
4515
4520
4521
4523
4524
4525
4525
4526
4527
4530
4531
4532
4533
4534
4536
4540
4544
4547
4550
4554
4556
4557
4557
4559
4559
4562
4567
4569
4570
4570
4571
4577
4578
4580
4582
4583
4585
4586
4590
4594
4595
4595
4596
4600
4601
4605
4607
4607
4608
4608
4608
4613
4613
4615
4616
4617
4618
4618
4620
4621
4622
4624
4625
4625
4627
4634
4637
4639
4642
4645
4649
4653
4658
4660
4662
4663
4663
4665
4665
4667
4678
4680
4681
4682
4683
4684
4685
4686
4687
4687
4687
4688
4689
4690
4690
4690
4691
4692
4695
4703
4704
4705
4705
4707
4707
4722
4724
4725
4726
4729
4730
4741
4742
4745
4747
4752
4753
4754
4757
4758
4759
4760
4761
4764
4764
4766
4769
4773
4777
4778
4780
4781
4783
4784
4786
4787
4789
4792
4792
4792
4794
4796
4796
4796
4797
4798
4803
4804
4804
4804
4812
4814
4815
4818
4820
4823
4828
4829
4831
4838
4840
4841
4842
4842
4844
4846
4846
4848
4849
4851
4857
4859
4859
4860
4862
4866
4872
4873
4875
4877
4878
4879
4879
4880
4885
4885
4887
4887
4888
4889
4889
4890
4891
4898
4899
4902
4907
4909
4910
4913
4914
4914
4920
4923
4926
4927
4927
4928
4928
4929
4931
4936
4939
4942
4943
4946
4948
4949
4950
4955
4957
4961
4965
4969
4970
4970
4971
4972
4976
4979
4981
4981
4983
4984
4985
4986
4987
4989
4989
4996
4997
4997
4997
4998
5002
5003
5005
5006
5009
5014
5016
5017
5017
5019
5020
5023
5025
5028
5029
5029
5032
5033
5033
5037
5042
5043
5044
5051
5055
5057
5063
5064
5064
5070
5070
5072
5072
5073
5076
5078
5081
5082
5086
5087
5090
5095
5095
5096
5099
5099
5100
5104
5108
5109
5111
5113
5115
5116
5117
5119
5122
5122
5123
5125
5128
5128
5128
5128
5129
5129
5132
5140
5140
5140
5143
5144
5147
5149
5150
5152
5155
5158
5159
5160
5162
5168
5168
5169
5170
5177
5178
5179
5182
5184
5184
5185
5188
5190
5193
5196
5197
5198
5199
5203
5206
5207
5207
5208
5208
5209
5209
5212
5214
5216
5216
5218
5218
5219
5223
5224
5225
5225
5227
5228
5229
5234
5234
5235
5239
5239
5240
5243
5247
5247
5248
5250
5250
5256
5257
5259
5261
5266
5267
5271
5274
5277
5277
5279
5282
5283
5286
5294
5299
5309
5312
5313
5315
5315
5319
5321
5322
5326
5329
5330
5330
5333
5337
5338
5341
5341
5346
5346
5348
5350
5353
5362
5366
5371
5377
5383
5388
5390
5391
5394
5396
5401
5408
5411
5412
5418
5418
5420
5421
5425
5430
5432
5433
5433
5436
5436
5436
5438
5438
5439
5442
5447
5449
5451
5453
5456
5457
5458
5460
5463
5463
5467
5469
5470
5471
5474
5476
5477
5481
5483
5484
5485
5486
5487
5491
5493
5495
5495
5497
5499
5501
5501
5504
5507
5509
5509
5510
5512
5514
5514
5515
5515
5523
5527
5528
5528
5529
5530
5533
5535
5539
5541
5543
5543
5555
5558
5559
5561
5562
5563
5565
5565
5566
5568
5571
5574
5578
5580
5586
5588
5588
5590
5590
5592
5592
5595
5597
5600
5603
5606
5613
5615
5621
5622
5624
5626
5628
5628
5630
5631
5631
5632
5632
5634
5636
5641
5641
5645
5647
5647
5648
5649
5650
5653
5657
5658
5659
5660
5660
5662
5664
5664
5665
5667
5669
5670
5676
5679
5679
5680
5684
5688
5690
5693
5694
5694
5701
5701
5703
5704
5705
5709
5709
5710
5715
5715
5717
5718
5719
5722
5732
5732
5732
5735
5736
5744
5761
5765
5769
5769
5770
5772
5774
5778
5778
5783
5788
5789
5790
5791
5792
5795
5796
5803
5804
5812
5813
5815
5819
5819
5820
5821
5822
5823
5824
5825
5828
5831
5831
5832
5839
5839
5842
5847
5849
5851
5851
5853
5860
5861
5864
5864
5865
5867
5870
5870
5876
5877
5877
5881
5881
5883
5884
5885
5889
5891
5892
5894
5897
5899
5902
5903
5904
5907
5909
5910
5911
5915
5920
5923
5925
5929
5932
5937
5942
5949
5952
5952
5953
5954
5956
5959
5960
5961
5966
5966
5968
5977
5979
5980
5983
5986
5986
5987
5987
5989
5989
5990
5990
5993
5994
5994
5998
5998
6000
6009
6011
6017
6021
6022
6023
6025
6026
6028
6029
6031
6032
6032
6033
6041
6043
6044
6045
6048
6049
6051
6054
6058
6059
6059
6059
6061
6061
6069
6069
6070
6077
6078
6081
6081
6082
6086
6087
6089
6092
6093
6098
6107
6108
6109
6110
6111
6112
6113
6113
6116
6116
6118
6121
6125
6125
6127
6129
6132
6133
6134
6138
6139
6140
6144
6145
6147
6152
6152
6155
6164
6171
6174
6175
6182
6183
6188
6191
6193
6194
6200
6202
6205
6205
6205
6206
6206
6209
6212
6215
6216
6218
6222
6222
6224
6227
6229
6233
6235
6236
6238
6239
6239
6241
6242
6247
6249
6250
6250
6251
6251
6253
6258
6263
6266
6267
6268
6270
6273
6278
6279
6280
6280
6280
6281
6281
6283
6283
6286
6287
6288
6292
6306
6306
6308
6308
6312
6312
6313
6317
6320
6322
6322
6323
6324
6329
6331
6332
6332
6333
6339
6339
6339
6341
6342
6343
6344
6345
6351
6353
6353
6354
6357
6360
6361
6366
6367
6369
6376
6377
6378
6379
6386
6388
6390
6396
6402
6402
6403
6409
6410
6412
6412
6415
6416
6425
6426
6427
6428
6431
6433
6434
6436
6449
6452
6454
6455
6455
6457
6461
6462
6465
6467
6468
6471
6473
6480
6482
6483
6485
6486
6489
6492
6494
6495
6498
6498
6498
6501
6502
6504
6511
6514
6516
6518
6519
6519
6519
6520
6522
6525
6527
6532
6541
6547
6549
6551
6551
6553
6558
6559
6560
6565
6566
6566
6567
6567
6567
6568
6571
6582
6583
6585
6585
6589
6589
6590
6592
6598
6604
6604
6604
6605
6605
6616
6616
6620
6621
6623
6625
6625
6628
6634
6636
6642
6645
6646
6652
6655
6656
6657
6660
6660
6662
6668
6674
6676
6683
6685
6685
6686
6690
6691
6697
6697
6698
6700
6702
6703
6707
6708
6708
6709
6713
6714
6714
6717
6723
6724
6728
6728
6729
6729
6732
6734
6734
6744
6744
6746
6750
6750
6755
6756
6759
6764
6767
6771
6774
6774
6775
6775
6778
6782
6784
6787
6791
6792
6793
6798
6798
6802
6806
6815
6821
6822
6826
6831
6832
6835
6836
6838
6844
6845
6846
6849
6849
6850
6853
6857
6867
6868
6871
6871
6873
6873
6875
6878
6879
6882
6885
6887
6888
6888
6890
6892
6893
6896
6897
6901
6901
6903
6904
6906
6909
6913
6917
6925
6927
6934
6939
6942
6945
6945
6947
6947
6948
6948
6949
6949
6949
6957
6960
6962
6962
6965
6966
6966
6968
6978
6978
6981
6983
6984
6988
6989
6990
6990
6996
6997
6999
6999
7000
7001
7001
7002
7006
7006
7007
7009
7019
7022
7024
7024
7025
7026
7032
7033
7033
7035
7036
7038
7039
7040
7045
7046
7047
7048
7054
7054
7056
7057
7064
7071
7073
7077
7078
7079
7080
7086
7092
7092
7093
7096
7096
7097
7100
7101
7108
7108
7108
7110
7110
7112
7117
7118
7119
7124
7128
7129
7129
7134
7134
7136
7138
7140
7143
7146
7149
7154
7156
7157
7162
7164
7164
7164
7164
7165
7165
7165
7168
7170
7170
7172
7178
7178
7178
7179
7182
7187
7188
7188
7190
7190
7196
7196
7197
7202
7202
7203
7205
7207
7208
7211
7212
7220
7221
7223
7223
7228
7229
7230
7232
7233
7233
7235
7236
7237
7240
7241
7243
7251
7254
7256
7258
7259
7261
7261
7262
7270
7274
7275
7278
7280
7281
7284
7285
7292
7295
7295
7299
7299
7300
7301
7306
7307
7308
7308
7311
7315
7318
7320
7320
7323
7327
7328
7330
7333
7336
7336
7336
7336
7337
7338
7340
7341
7341
7346
7347
7348
7350
7351
7354
7358
7358
7358
7358
7361
7361
7367
7376
7384
7385
7393
7395
7406
7409
7411
7413
7418
7419
7421
7421
7422
7423
7425
7428
7429
7430
7430
7433
7435
7435
7438
7454
7457
7460
7468
7469
7470
7470
7471
7471
7472
7473
7475
7475
7478
7480
7484
7486
7489
7490
7495
7499
7513
7514
7514
7514
7515
7523
7523
7524
7530
7532
7532
7534
7537
7538
7539
7541
7542
7546
7546
7553
7554
7559
7568
7571
7578
7581
7582
7585
7585
7586
7586
7592
7594
7596
7598
7601
7606
7607
7607
7610
7611
7613
7613
7614
7614
7617
7618
7619
7620
7620
7629
7634
7645
7649
7652
7653
7654
7658
7659
7668
7671
7671
7675
7680
7682
7684
7687
7687
7688
7688
7689
7690
7694
7695
7697
7699
7700
7705
7706
7707
7708
7709
7710
7710
7714
7715
7716
7716
7724
7725
7728
7729
7730
7732
7733
7743
7744
7745
7746
7749
7750
7751
7751
7753
7756
7758
7759
7765
7766
7772
7772
7773
7773
7776
7777
7778
7779
7781
7784
7786
7786
7788
7789
7789
7790
7792
7792
7794
7796
7797
7798
7801
7803
7808
7810
7810
7813
7815
7817
7818
7819
7821
7822
7824
7829
7830
7841
7850
7850
7852
7852
7855
7855
7857
7858
7859
7862
7865
7865
7868
7875
7878
7879
7882
7884
7885
7885
7889
7897
7903
7905
7906
7912
7917
7928
7931
7933
7936
7939
7940
7942
7943
7944
7945
7947
7948
7959
7963
7966
7966
7967
7968
7969
7977
7995
8003
8006
8011
8012
8018
8023
8025
8026
8026
8028
8029
8030
8031
8040
8041
8041
8043
8049
8049
8050
8057
8062
8068
8072
8073
8078
8081
8082
8083
8084
8085
8094
8099
8104
8104
8105
8106
8109
8110
8113
8117
8124
8124
8125
8125
8126
8129
8145
8147
8149
8155
8157
8159
8160
8162
8164
8166
8173
8174
8175
8175
8180
8181
8181
8182
8194
8197
8198
8198
8204
8211
8212
8212
8213
8214
8214
8215
8218
8221
8224
8226
8229
8233
8234
8235
8238
8241
8244
8245
8247
8249
8249
8252
8260
8261
8271
8275
8281
8282
8286
8289
8291
8295
8295
8296
8298
8300
8304
8304
8305
8306
8308
8314
8320
8323
8324
8329
8329
8333
8336
8338
8341
8343
8345
8357
8358
8359
8359
8360
8361
8362
8368
8371
8374
8379
8380
8383
8393
8395
8396
8398
8399
8401
8402
8405
8406
8406
8408
8409
8413
8413
8415
8423
8424
8426
8428
8430
8434
8435
8437
8437
8444
8445
8446
8447
8452
8462
8468
8471
8494
8495
8497
8503
8509
8511
8515
8520
8523
8523
8525
8539
8540
8543
8543
8546
8548
8551
8554
8554
8554
8555
8557
8561
8563
8564
8565
8567
8573
8573
8577
8583
8585
8586
8593
8595
8598
8599
8601
8604
8604
8606
8610
8611
8615
8616
8616
8617
8618
8618
8622
8623
8630
8636
8639
8642
8643
8649
8649
8653
8653
8655
8658
8658
8665
8666
8669
8670
8673
8675
8679
8681
8688
8689
8692
8696
8697
8701
8701
8703
8704
8706
8709
8709
8712
8714
8718
8721
8721
8731
8735
8736
8737
8738
8741
8744
8747
8748
8751
8754
8754
8756
8762
8763
8763
8765
8766
8767
8770
8772
8776
8776
8781
8786
8791
8794
8796
8797
8797
8805
8805
8807
8809
8809
8813
8816
8821
8829
8829
8834
8835
8839
8842
8844
8844
8844
8849
8850
8851
8853
8855
8857
8862
8864
8865
8866
8867
8874
8874
8875
8876
8876
8876
8879
8883
8884
8887
8889
8890
8894
8894
8898
8901
8901
8904
8906
8913
8913
8921
8932
8935
8935
8936
8942
8943
8945
8952
8958
8963
8966
8967
8969
8970
8971
8973
8980
8984
8985
8986
8995
8996
8996
8998
9000
9003
9004
9007
9008
9012
9013
9015
9015
9016
9024
9024
9024
9028
9028
9028
9030
9034
9037
9039
9043
9045
9054
9057
9059
9068
9073
9075
9078
9085
9095
9098
9105
9111
9125
9125
9125
9136
9142
9142
9146
9147
9149
9153
9154
9157
9163
9166
9169
9171
9179
9183
9185
9185
9185
9190
9195
9198
9202
9207
9211
9214
9216
9219
9220
9227
9229
9229
9230
9234
9235
9242
9242
9249
9251
9259
9266
9269
9270
9271
9273
9281
9284
9285
9287
9295
9297
9298
9301
9301
9302
9302
9312
9313
9317
9318
9327
9328
9335
9335
9335
9338
9339
9342
9344
9346
9346
9346
9352
9352
9353
9358
9361
9361
9371
9372
9379
9385
9388
9391
9392
9393
9396
9397
9397
9413
9416
9420
9421
9424
9426
9433
9435
9437
9443
9458
9460
9464
9467
9468
9469
9470
9472
9480
9483
9484
9486
9487
9488
9488
9489
9489
9491
9492
9495
9495
9496
9501
9503
9505
9505
9506
9507
9516
9526
9526
9527
9527
9528
9528
9532
9535
9538
9540
9540
9540
9541
9544
9549
9549
9552
9557
9564
9569
9570
9571
9572
9582
9584
9590
9594
9595
9600
9602
9604
9604
9610
9613
9614
9614
9615
9620
9621
9623
9625
9625
9628
9629
9643
9644
9644
9644
9648
9650
9650
9651
9653
9655
9655
9659
9661
9666
9667
9668
9668
9701
9708
9713
9722
9722
9728
9731
9731
9735
9736
9739
9744
9745
9746
9750
9759
9764
9766
9766
9770
9776
9782
9784
9784
9788
9793
9796
9796
9799
9800
9804
9807
9810
9811
9814
9816
9820
9824
9829
9829
9834
9836
9842
9844
9846
9848
9849
9852
9857
9877
9880
9880
9886
9887
9887
9890
9891
9891
9895
9898
9898
9899
9903
9906
9910
9914
9920
9921
9923
9923
9929
9931
9931
9932
9933
9933
9937
9938
9938
9945
9947
9949
9953
9968
9968
9968
9969
9970
9970
9972
9974
9976
9977
9978
9982
9984
9990
9992
10001
10003
10005
10008
10009
10011
10014
10015
10016
10017
10023
10027
10031
10032
10036
10040
10041
10041
10045
10046
10047
10049
10052
10052
10053
10053
10059
10060
10062
10063
10064
10068
10070
10071
10079
10092
10099
10102
10109
10111
10113
10115
10119
10119
10120
10134
10135
10141
10146
10148
10148
10150
10151
10154
10157
10159
10165
10186
10186
10188
10197
10198
10199
10200
10202
10202
10203
10205
10208
10210
10211
10214
10216
10217
10222
10223
10224
10225
10227
10233
10235
10236
10238
10239
10241
10243
10252
10255
10259
10262
10264
10265
10269
10274
10275
10282
10282
10290
10292
10301
10306
10306
10309
10318
10330
10333
10333
10336
10339
10341
10347
10356
10356
10365
10370
10372
10375
10375
10377
10381
10381
10381
10382
10385
10390
10392
10394
10397
10397
10398
10400
10402
10406
10409
10410
10410
10411
10411
10414
10415
10416
10419
10423
10423
10426
10427
10429
10431
10432
10434
10437
10437
10446
10453
10463
10464
10467
10471
10484
10485
10486
10492
10494
10496
10510
10513
10513
10515
10520
10521
10523
10524
10524
10530
10537
10538
10539
10542
10545
10550
10552
10554
10555
10556
10558
10558
10562
10564
10566
10567
10567
10570
10575
10579
10583
10589
10589
10590
10598
10600
10601
10603
10607
10608
10617
10617
10619
10619
10620
10627
10628
10631
10631
10632
10633
10638
10638
10640
10642
10650
10651
10651
10657
10658
10662
10669
10672
10672
10676
10680
10686
10696
10698
10700
10724
10728
10732
10732
10734
10737
10737
10742
10747
10750
10754
10761
10780
10781
10781
10793
10799
10806
10811
10814
10819
10821
10824
10827
10828
10829
10832
10840
10842
10848
10849
10851
10853
10855
10857
10857
10866
10872
10876
10881
10882
10885
10889
10891
10891
10894
10897
10898
10901
10903
10906
10906
10908
10909
10911
10916
10920
10922
10922
10926
10930
10935
10935
10940
10940
10941
10942
10943
10944
10947
10955
10959
10960
10967
10969
10970
10975
10978
10982
10984
10985
11003
11004
11005
11009
11011
11012
11012
11018
11019
11021
11024
11026
11028
11028
11031
11038
11039
11040
11042
11044
11052
11053
11059
11064
11064
11065
11069
11070
11070
11072
11073
11074
11077
11078
11079
11099
11105
11115
11118
11122
11123
11125
11129
11137
11172
11173
11178
11179
11180
11185
11187
11201
11207
11212
11221
11224
11225
11228
11231
11232
11232
11245
11246
11248
11250
11251
11255
11255
11257
11266
11268
11269
11270
11272
11274
11275
11280
11281
11283
11283
11283
11285
11287
11290
11303
11313
11318
11322
11327
11330
11335
11336
11337
11338
11340
11353
11358
11360
11361
11368
11370
11370
11373
11379
11385
11386
11394
11394
11395
11400
11404
11411
11414
11415
11415
11417
11418
11428
11431
11432
11432
11435
11437
11439
11441
11447
11454
11455
11461
11470
11473
11477
11482
11490
11490
11490
11495
11513
11514
11514
11517
11517
11521
11522
11528
11530
11530
11535
11538
11545
11546
11549
11554
11565
11567
11568
11583
11587
11587
11590
11595
11598
11599
11599
11602
11614
11619
11623
11629
11631
11631
11632
11634
11635
11640
11653
11653
11653
11657
11657
11663
11670
11685
11689
11692
11695
11701
11703
11706
11710
11718
11723
11728
11730
11731
11734
11736
11744
11753
11756
11783
11785
11792
11795
11798
11798
11799
11804
11811
11812
11816
11832
11833
11834
11836
11836
11850
11852
11852
11855
11860
11860
11861
11864
11885
11885
11886
11887
11892
11894
11896
11897
11898
11902
11906
11917
11921
11936
11938
11941
11945
11951
11971
11977
11978
11979
11991
11995
11995
12006
12014
12017
12018
12019
12029
12031
12032
12048
12053
12060
12062
12064
12065
12066
12069
12070
12071
12077
12077
12083
12091
12093
12094
12099
12106
12107
12110
12117
12119
12121
12124
12125
12126
12129
12130
12135
12144
12148
12150
12154
12159
12159
12170
12172
12178
12179
12183
12188
12190
12193
12197
12199
12207
12219
12229
12232
12236
12236
12237
12239
12241
12243
12247
12251
12260
12262
12266
12266
12268
12270
12271
12272
12274
12274
12274
12275
12280
12281
12282
12283
12294
12310
12313
12322
12323
12325
12332
12332
12341
12344
12346
12355
12356
12364
12368
12369
12370
12375
12377
12379
12390
12402
12413
12418
12423
12425
12425
12426
12429
12432
12439
12453
12455
12456
12467
12470
12473
12476
12478
12485
12485
12488
12499
12505
12505
12508
12509
12513
12515
12519
12520
12522
12526
12530
12536
12545
12546
12555
12561
12567
12567
12569
12577
12583
12587
12594
12598
12599
12602
12607
12617
12622
12635
12644
12645
12653
12657
12659
12662
12662
12663
12665
12665
12681
12683
12685
12687
12694
12697
12699
12706
12709
12711
12712
12724
12733
12734
12735
12743
12752
12763
12777
12780
12782
12801
12810
12810
12813
12817
12824
12830
12840
12849
12851
12852
12855
12855
12866
12869
12880
12889
12891
12897
12901
12904
12904
12904
12905
12910
12915
12918
12938
12939
12946
12957
12964
12970
12971
12975
12976
12979
12984
12988
12988
12989
12992
13004
13006
13008
13008
13009
13010
13014
13020
13027
13029
13030
13035
13040
13047
13048
13049
13051
13053
13054
13057
13057
13060
13062
13065
13067
13072
13072
13077
13080
13081
13085
13096
13097
13102
13103
13115
13120
13130
13134
13137
13140
13141
13144
13148
13151
13151
13157
13162
13164
13167
13169
13173
13176
13181
13182
13182
13185
13187
13188
13198
13199
13199
13200
13201
13201
13202
13212
13218
13218
13220
13234
13237
13240
13247
13249
13250
13256
13258
13260
13260
13261
13269
13271
13275
13276
13281
13283
13289
13292
13297
13297
13300
13301
13302
13304
13315
13317
13322
13324
13325
13330
13335
13338
13341
13341
13346
13354
13354
13360
13362
13366
13381
13383
13395
13403
13405
13406
13422
13422
13430
13430
13431
13448
13452
13456
13461
13463
13463
13465
13465
13467
13474
13475
13477
13483
13483
13487
13487
13495
13499
13500
13514
13515
13528
13533
13534
13543
13552
13554
13554
13559
13562
13563
13580
13582
13586
13590
13591
13593
13594
13595
13596
13597
13603
13603
13604
13607
13609
13614
13617
13640
13642
13646
13647
13647
13654
13654
13661
13663
13663
13668
13672
13676
13697
13701
13703
13709
13718
13721
13723
13725
13726
13740
13745
13750
13752
13752
13753
13761
13764
13777
13782
13789
13792
13800
13800
13808
13809
13812
13813
13817
13825
13825
13826
13830
13831
13834
13837
13846
13850
13858
13884
13887
13892
13892
13897
13897
13898
13903
13904
13904
13906
13909
13910
13912
13913
13917
13920
13922
13931
13934
13939
13940
13944
13951
13966
13969
13978
13979
13980
13983
13984
13984
13988
13989
13996
14004
14006
14008
14012
14014
14015
14017
14023
14044
14057
14058
14063
14068
14079
14081
14093
14102
14109
14113
14116
14118
14132
14138
14139
14145
14149
14157
14158
14169
14177
14196
14197
14200
14204
14207
14214
14219
14224
14226
14226
14227
14241
14247
14248
14256
14278
14278
14279
14280
14287
14290
14296
14297
14298
14299
14307
14308
14309
14319
14324
14329
14336
14336
14346
14347
14347
14362
14369
14371
14378
14378
14394
14398
14408
14412
14416
14417
14425
14428
14434
14435
14446
14449
14457
14459
14467
14473
14476
14477
14488
14488
14488
14489
14494
14499
14513
14513
14521
14525
14525
14528
14531
14534
14540
14542
14546
14553
14555
14557
14568
14570
14574
14584
14585
14588
14591
14591
14593
14594
14605
14608
14612
14623
14625
14628
14630
14634
14643
14646
14652
14670
14671
14672
14687
14698
14708
14717
14722
14722
14734
14735
14736
14738
14747
14749
14754
14766
14770
14773
14776
14778
14788
14791
14791
14793
14795
14796
14803
14805
14811
14813
14817
14818
14819
14823
14825
14826
14830
14833
14834
14835
14838
14839
14842
14847
14850
14859
14862
14890
14899
14915
14918
14921
14923
14924
14926
14931
14932
14932
14937
14940
14945
14953
14953
14954
14969
14976
14981
14986
14989
14991
14996
14999
15005
15012
15016
15017
15019
15027
15031
15035
15036
15048
15051
15051
15052
15053
15054
15058
15060
15063
15072
15077
15087
15088
15089
15095
15097
15100
15105
15109
15109
15127
15130
15141
15142
15143
15149
15151
15156
15158
15163
15166
15167
15171
15176
15178
15183
15187
15200
15200
15226
15226
15226
15232
15237
15254
15256
15256
15256
15258
15261
15262
15275
15277
15280
15282
15283
15289
15300
15307
15313
15314
15314
15317
15318
15332
15335
15338
15347
15366
15368
15392
15402
15406
15407
15410
15413
15414
15421
15423
15424
15433
15438
15440
15445
15446
15460
15471
15479
15492
15496
15496
15500
15530
15530
15540
15541
15547
15560
15562
15563
15566
15573
15576
15581
15584
15589
15591
15596
15603
15611
15611
15615
15619
15631
15640
15646
15656
15667
15670
15675
15679
15681
15681
15684
15686
15700
15705
15707
15717
15723
15729
15740
15741
15753
15753
15756
15758
15765
15769
15786
15793
15801
15807
15808
15823
15825
15833
15835
15841
15843
15845
15848
15852
15857
15857
15859
15864
15865
15865
15866
15869
15875
15877
15884
15886
15888
15892
15897
15907
15921
15926
15927
15931
15933
15940
15976
15977
15990
15996
16004
16027
16029
16032
16040
16046
16058
16068
16070
16091
16100
16105
16108
16109
16113
16119
16119
16127
16165
16166
16168
16170
16176
16182
16190
16191
16203
16205
16214
16226
16230
16242
16244
16259
16293
16294
16295
16299
16299
16305
16309
16311
16316
16329
16332
16333
16334
16334
16334
16341
16343
16344
16347
16366
16371
16379
16393
16394
16398
16405
16410
16410
16414
16414
16415
16437
16439
16439
16444
16448
16454
16456
16460
16462
16462
16472
16476
16479
16481
16485
16499
16502
16505
16547
16547
16557
16570
16571
16572
16573
16589
16597
16598
16598
16601
16602
16603
16604
16606
16611
16614
16616
16618
16623
16627
16635
16646
16656
16656
16659
16662
16664
16680
16681
16687
16703
16704
16711
16716
16720
16721
16721
16725
16736
16736
16744
16756
16773
16774
16789
16790
16793
16798
16798
16804
16808
16813
16824
16828
16833
16833
16833
16837
16839
16841
16844
16865
16868
16872
16880
16886
16890
16892
16895
16902
16908
16910
16910
16920
16924
16928
16931
16945
16959
16963
16969
16977
17001
17007
17016
17020
17021
17023
17028
17029
17030
17033
17035
17045
17053
17055
17059
17070
17071
17077
17086
17088
17094
17095
17095
17100
17102
17102
17102
17103
17106
17106
17116
17117
17118
17120
17121
17122
17122
17122
17139
17142
17147
17149
17152
17153
17154
17160
17162
17171
17176
17181
17186
17188
17190
17192
17194
17207
17230
17242
17245
17264
17265
17265
17270
17271
17275
17279
17294
17301
17302
17303
17310
17314
17317
17335
17337
17337
17340
17347
17350
17360
17363
17368
17369
17373
17379
17381
17386
17402
17408
17416
17423
17443
17451
17469
17473
17474
17476
17483
17488
17489
17491
17500
17501
17508
17509
17509
17513
17517
17517
17522
17523
17559
17559
17563
17567
17567
17572
17587
17589
17595
17595
17599
17603
17604
17608
17615
17615
17625
17626
17634
17635
17640
17641
17641
17649
17660
17672
17701
17703
17715
17732
17736
17739
17749
17751
17760
17775
17776
17778
17778
17779
17787
17788
17795
17798
17806
17826
17828
17836
17836
17839
17842
17853
17855
17860
17863
17866
17867
17868
17868
17889
17889
17893
17898
17907
17915
17935
17936
17962
17965
17977
18004
18012
18014
18020
18033
18046
18047
18049
18056
18066
18067
18073
18074
18074
18075
18075
18079
18079
18082
18088
18090
18091
18091
18092
18092
18108
18109
18120
18125
18158
18172
18174
18191
18206
18208
18226
18230
18233
18263
18266
18267
18268
18274
18277
18279
18290
18294
18298
18302
18309
18311
18314
18332
18339
18341
18348
18349
18350
18353
18368
18376
18377
18389
18401
18412
18416
18424
18427
18431
18439
18445
18446
18449
18454
18463
18464
18469
18477
18481
18482
18489
18491
18504
18507
18520
18529
18533
18540
18553
18554
18554
18557
18557
18558
18566
18579
18583
18597
18600
18613
18618
18622
18630
18631
18637
18648
18648
18649
18656
18659
18686
18687
18689
18707
18709
18725
18731
18734
18738
18744
18758
18768
18776
18777
18781
18783
18784
18788
18798
18803
18824
18831
18831
18854
18856
18860
18868
18892
18900
18908
18908
18913
18914
18914
18923
18924
18928
18935
18935
18940
18941
18943
18944
18949
18951
18955
18969
18974
18993
18994
18995
19000
19009
19020
19020
19031
19036
19042
19048
19051
19058
19077
19081
19099
19099
19122
19125
19126
19130
19133
19139
19139
19142
19146
19154
19171
19186
19187
19198
19204
19205
19206
19209
19217
19222
19225
19246
19247
19249
19261
19265
19266
19270
19282
19282
19286
19304
19330
19331
19334
19337
19341
19346
19363
19376
19382
19418
19420
19436
19439
19442
19442
19443
19454
19457
19462
19473
19478
19482
19504
19519
19519
19520
19527
19530
19533
19549
19558
19565
19594
19595
19598
19603
19607
19616
19633
19635
19639
19641
19642
19657
19660
19661
19669
19672
19685
19702
19707
19718
19719
19719
19721
19722
19725
19727
19742
19771
19786
19788
19790
19796
19796
19800
19820
19866
19870
19872
19894
19899
19905
19919
19926
19933
19939
19943
19956
19960
19960
19961
19982
19998
20003
20004
20027
20032
20046
20050
20057
20059
20061
20062
20070
20076
20091
20094
20098
20103
20108
20112
20113
20114
20117
20117
20120
20124
20126
20129
20148
20168
20168
20178
20186
20186
20193
20200
20201
20219
20223
20238
20238
20242
20243
20253
20299
20303
20331
20357
20363
20364
20367
20393
20409
20415
20473
20488
20493
20503
20509
20519
20530
20559
20571
20601
20602
20639
20639
20658
20662
20662
20664
20682
20683
20702
20712
20727
20729
20731
20748
20758
20763
20768
20769
20773
20782
20786
20797
20806
20854
20871
20878
20882
20887
20901
20907
20912
20924
20972
20982
20984
20992
21003
21031
21039
21045
21054
21055
21062
21068
21069
21074
21076
21081
21087
21096
21119
21126
21145
21148
21151
21151
21153
21157
21183
21189
21248
21264
21285
21287
21300
21312
21327
21334
21418
21422
21431
21440
21475
21486
21496
21559
21579
21581
21581
21592
21622
21630
21652
21687
21689
21693
21716
21731
21732
21732
21750
21756
21763
21795
21813
21861
21887
21924
21950
21969
21981
22030
22062
22063
22064
22068
22078
22085
22118
22124
22135
22136
22142
22145
22154
22172
22172
22185
22203
22207
22216
22227
22258
22260
22330
22366
22368
22376
22386
22401
22409
22418
22450
22459
22469
22500
22511
22518
22546
22556
22637
22642
22677
22683
22684
22693
22735
22739
22821
22870
22886
22888
22901
22953
22956
23002
23031
23056
23081
23083
23092
23098
23112
23127
23128
23130
23153
23173
23200
23210
23212
23235
23242
23254
23275
23290
23296
23310
23342
23358
23383
23403
23416
23423
23453
23485
23493
23531
23545
23569
23616
23622
23638
23686
23688
23732
23739
23761
23774
23783
23823
23830
23873
23879
23889
23892
23899
23997
23999
24091
24155
24196
24226
24227
24252
24265
24303
24351
24353
24404
24477
24495
24503
24645
24667
24708
24709
24710
24724
24726
24733
24744
24789
24842
24847
24871
24901
24930
25014
25040
25140
25182
25283
25313
25411
25433
25464
25522
25549
25606
25631
25659
25668
25771
25779
25800
25842
25947
25950
25959
26106
26141
26170
26242
26242
26269
26303
26317
26339
26346
26346
26350
26381
26424
26502
26526
26865
26883
27040
27071
27073
27081
27420
27645
27683
27848
27895
27938
27941
28075
28135
28428
28558
28604
28623
29175
29305
29452
29549
30033
30073
30413
30416
30434
30489
31305
31568
31585
32469
32509
33570
33720
33954
35809
38507
