5992
1519
14633
26857
13240
5316
22388
5103
13280
9857
20183
14089
2601
2610
2616
2693
2956
13732
2010
2005
4031
3298
12800
6313
21439
20932
19441
3288
10814
14558
7118
2798
7368
24517
4911
4428
4971
17952
18522
2243
2657
1776
19408
2030
18348
7445
2589
1913
3615
4388
14149
2833
7761
1724
13102
7460
13511
10823
8939
16018
7901
21829
2498
6581
0
19102
1412
1493
1403
1532
1452
1493
1404
30222
10118
3852
12395
4307
9172
12157
17651
1536
3940
13342
9086
18706
19324
5091
3755
10738
10027
11072
1923
1894
1896
1898
12368
2762
6227
18111
6859
20218
5603
1571
2638
12677
3509
5562
16367
2868
2876
16417
10185
8414
3515
2452
4328
8284
11675
14863
5390
19204
8402
14546
14718
32095
19359
9338
12967
16393
21159
8710
3330
3656
15178
1394
2794
3064
4423
7507
3372
0
14683
1698
17166
22673
3081
7685
9600
2102
5233
17729
3188
22930
5855
2261
16550
27485
5450
7441
13973
3033
1014
2959
8581
14641
7371
3226
12835
11872
1736
9807
1387
15251
12713
10145
15248
3073
4411
4768
0
9258
1799
3515
2565
9609
18799
18716
1930
19243
2021
7744
3765
2328
2527
3852
5283
4653
11327
19558
1815
0
14127
2688
7901
6338
7127
1519
12839
3425
21037
20961
8278
10990
20381
11031
10215
9325
1202
6107
8173
6114
3483
2448
11394
6624
20454
9821
3521
20379
12283
23275
7415
9315
2182
14153
12643
1595
9768
13854
14252
0
9771
6033
6253
4636
5794
7644
8767
2649
1969
1956
8673
15593
16625
1732
26924
13481
7722
15057
1855
3368
6590
20413
3136
1749
1745
16972
1695
2653
8649
10964
5152
25804
2061
3338
3854
3620
11421
11563
3326
8786
4113
9148
23348
7624
1241
29070
17622
3248
10463
22973
1116
1810
1804
4168
18462
2835
4260
20616
21175
7394
3539
3350
4770
0
22302
3086
3080
18783
19397
2165
8142
7949
22898
1349
6281
5035
6444
4700
4800
3793
7187
2389
2379
3416
2253
5358
5235
5221
5131
10134
12336
10049
1705
2265
8970
12938
8918
15998
2799
2806
12016
8787
10416
6724
4886
7707
11883
11421
19718
5080
3262
4147
4032
3769
7672
3991
4903
12735
4836
12677
7175
2225
3768
10750
9733
3484
2582
3644
1161
1425
0
0
8875
4827
21998
10834
10427
21237
2416
1374
6451
9150
15113
6133
1109
6678
27733
2114
3592
4055
4955
16583
1552
24002
1097
4842
2222
2248
2217
1681
2313
13996
6355
16786
2996
4015
4483
3754
4268
3936
5026
16902
5499
13238
30312
2381
11025
2626
1615
2307
15994
5216
5994
13755
7993
6715
8913
39623
2150
18956
3397
3914
5987
1945
24240
6217
4890
6073
21274
0
26117
27059
15143
13660
2903
35146
3659
3668
1082
1800
8176
3524
2735
2635
2634
2597
2611
2605
6403
15812
8079
2798
9287
15086
0
10697
11507
2301
5143
20281
22955
2595
10940
7712
4760
8065
3790
13589
14183
12797
5768
4912
12593
3733
11227
4716
7817
14997
11119
4043
18078
12603
25370
1199
2995
14958
11796
2801
3675
1117
0
1678
1677
1667
1677
2785
2578
15814
17550
18603
6721
6719
0
15103
1908
16964
26234
15856
14932
9651
6811
9576
11875
1289
6724
8606
8060
1952
1903
6530
6229
6203
2727
5210
8948
12622
2721
3870
1970
2085
19514
19534
8207
19209
2212
15815
11346
23183
14905
2056
6424
1913
6366
0
2379
3722
10570
19328
5057
8513
3092
2240
4551
4366
6613
7375
1045
4548
6591
13087
7485
4016
14840
0
3584
1293
2042
2031
2062
10214
2097
4807
4805
3019
10182
3934
6780
14280
7458
0
3024
2840
12341
17509
10795
15913
19728
4420
3321
7384
7331
4263
1302
1498
5629
11088
1588
7549
13095
12269
22052
17971
4751
17569
6309
12332
18956
19582
12983
2942
3322
3601
2103
7581
11713
3845
10973
21283
3870
24533
3609
19773
3163
15037
4158
1954
5330
4319
2173
11235
16320
7877
2689
12405
10137
5863
7125
7130
17159
5055
18128
14686
1142
8513
11068
12373
1712
1414
6003
5497
5566
13249
11889
2687
14850
6985
0
7418
14498
6275
1281
9170
4959
7462
21845
2567
9124
5019
17941
16284
14102
8689
1494
1491
0
10664
4739
4742
2696
11301
6593
6444
1335
18591
20691
3464
20614
16356
4682
3784
17658
8028
28319
1731
7106
17553
2620
5707
3240
1324
2995
1598
3788
18238
3193
3160
7866
2474
5797
4938
5631
4038
1573
14346
3585
12525
12194
7324
22684
9686
1423
3597
7955
2253
14919
2736
3159
3298
5213
3416
6047
1734
1952
1918
11725
10795
4738
24321
2710
4411
0
12696
18000
19409
13789
25099
1058
10643
9246
1045
3445
6559
18093
3661
4094
10596
5745
20800
13839
22087
17422
23556
15186
2641
11489
2132
2402
2402
10887
2315
11708
20402
13033
16020
18759
12112
6148
29621
8762
11740
9757
1406
12781
8506
1079
1750
7215
15692
3467
19338
25074
3729
3681
3681
3269
12383
7116
1881
10159
20156
12851
9436
36636
6728
2984
17350
20240
3270
4584
9299
20402
15980
8492
11408
2252
10539
3586
3115
11420
6562
12270
5073
24691
10306
1355
1342
1315
1428
1366
1378
1325
1313
1390
3574
8523
1282
1578
14503
8854
1936
9979
3708
4083
15461
6784
22285
10450
10620
4069
2667
13285
14636
9159
3835
14378
18133
2236
9222
5189
18952
8666
2514
4954
7100
4026
4922
25020
0
9602
1298
1317
11638
5998
18356
10818
5018
12412
6415
17164
19141
5885
17216
8143
4804
14816
5141
2513
5359
8104
2607
1499
11947
16320
16669
2069
9910
19869
15421
10481
2825
17633
1687
13299
2709
14900
7823
19379
2550
19720
2708
3674
3694
3766
3688
1224
1153
1223
1833
1221
1227
1224
1221
1224
1224
1223
7986
6597
24599
24577
21305
22139
13532
11314
10543
7795
2093
16127
11692
7103
11119
24023
0
2679
10923
6676
3705
11446
11318
3806
9238
2710
12790
2161
20135
25478
10380
10848
5990
15019
12813
1513
1584
2802
20226
15599
23361
6230
7945
2734
20329
3537
13703
1299
8137
13809
21011
3397
3391
3836
7275
14022
1245
10199
5643
4045
16514
3802
4845
4859
5140
15005
9799
3328
2113
15399
6547
7780
5152
4500
4564
2819
3552
2486
12930
1798
2142
3152
3123
2728
0
16303
14999
15628
13269
12936
12158
7173
3516
3281
4187
17516
1865
0
18191
4810
15197
14806
1083
1779
1781
1779
0
0
1630
1630
1631
6255
1634
3534
40196
4178
4293
9376
15789
7062
6953
2286
12382
12861
20360
10335
7168
15259
13406
8388
0
12409
5303
7225
2047
2017
16648
11614
5778
1965
8931
21738
11679
5478
9110
6319
10381
19551
10730
1400
5037
7718
3389
2824
17062
13683
3234
5897
8913
2049
2060
2055
2056
9262
14747
2720
2744
20163
23491
3782
2871
9537
5065
3554
4993
2117
8459
3785
12610
18539
21114
6074
20235
2230
9394
1840
1829
1828
1838
13209
2709
12990
6440
7152
16525
1864
15869
8344
3530
7390
1673
3744
5294
2705
3660
2570
2088
10426
3652
5841
8556
1340
1592
25129
10289
3101
3068
16866
3614
17205
11554
19646
1143
7937
2499
2285
11536
8405
12960
1424
9161
2491
4481
8789
8604
19947
16458
19255
12436
4708
4538
2482
8765
1308
7393
3068
17496
13913
9164
4124
8810
30651
3440
4126
6996
11068
18539
13337
16733
2438
13692
7957
7069
1373
12943
1098
19218
7184
4015
7825
22536
4323
1408
9344
8494
8585
9934
10752
22532
3443
2591
4301
11507
4753
12575
1691
4742
4683
4571
5379
7326
22772
13940
1791
8449
1672
1760
1535
7320
7143
24444
9273
10545
22262
12991
20650
1540
6291
7307
20832
15577
8767
15083
9075
2955
2968
1980
2558
4460
7251
16224
1572
6136
5173
7455
16545
16789
6333
4279
10497
2648
14448
19621
4661
9068
4307
9907
4118
15445
17567
0
9139
12755
2872
4700
7266
5047
15695
5716
8167
8478
31497
3887
17051
9795
15407
7574
7758
13594
0
1298
1296
1296
1299
1285
1294
13653
7914
2567
2574
3070
23163
0
1002
6106
2647
25961
11982
15968
2019
5366
1371
1724
2013
13840
27696
23968
9016
2579
20060
19800
2805
5235
3353
1616
1910
17510
34939
16922
13709
10845
3558
19297
9987
6627
11899
17208
4016
1715
7717
11436
4000
8171
6793
20610
10967
10591
3168
8772
3412
14131
3449
9012
10981
5316
8596
15557
0
28230
1089
3159
13534
14037
3504
1777
1758
11305
20201
5405
15636
18275
18526
17690
23809
11917
18339
1468
20062
11564
1817
13762
15587
20245
5419
5106
5104
17190
16259
9850
2101
1643
0
9842
1391
8339
7777
7059
3281
12551
6031
15212
8379
17502
9880
12205
6097
13137
6273
9370
4849
1112
0
5137
8009
10774
11470
16886
1515
15109
1572
3680
5595
15529
5128
32325
7377
3661
20184
12911
5270
17548
7501
16671
5083
15552
9913
9116
13084
3803
6461
6280
7388
3318
0
4487
2222
8812
7441
8570
14685
11634
3601
1089
17030
11798
12043
4381
14572
13322
2764
4719
0
1507
1251
12551
7385
4464
12395
8163
0
20759
14103
14774
5230
11732
3682
7733
8351
12673
24231
5080
5993
6495
20079
11549
19998
12409
9280
4991
25856
4607
19116
9462
11973
19114
12292
16362
20303
19277
1398
15997
4814
13931
1028
4650
1741
2286
2239
2241
1146
3713
2003
6918
12949
2323
3845
9263
2088
29741
16800
10205
17653
4516
12805
18618
3943
15122
3525
3391
3388
3373
8312
19979
11021
14075
6577
3885
13237
6772
1711
10682
12902
7843
21758
7694
3686
17846
14603
3302
8395
0
17221
15282
21330
1122
11452
20545
21216
19682
12486
0
1548
20413
2288
1754
14523
8534
1485
1495
1481
1489
1478
11758
1689
9668
1086
4760
8911
26049
3384
12439
11536
4710
7689
17242
9276
27628
2372
13334
15275
5788
6341
6323
1282
10560
9598
4309
1156
9174
16592
13422
10933
8276
1651
1633
1734
0
24995
19569
2740
21912
6731
4576
5177
16249
16482
15737
1910
7502
12262
3090
4392
4207
5043
22726
7401
4687
18487
1393
10297
14086
4738
0
3407
6664
23475
9070
12037
3065
3024
3033
1197
5383
2502
1852
10121
13012
16858
11843
3804
9618
4238
3615
6004
12177
8572
1371
19885
0
16545
1220
10002
12520
6685
4869
12808
4915
5004
11527
1945
4484
2955
13011
5572
7990
19075
8559
4417
11155
2340
8055
6175
9140
17402
9742
9476
3317
3885
19001
3016
4801
3213
2471
5817
6284
0
2913
2550
19004
12916
13302
18742
13113
6066
17561
9375
13465
10856
2922
12521
1063
6735
2053
8805
5972
11580
19565
10163
4190
3390
4728
0
10227
11631
17713
3109
18027
4169
8361
6992
3606
3800
8324
19298
10366
13943
2728
11859
13778
7224
12739
0
10203
5071
6050
6790
4514
21537
6047
10906
3827
8410
7506
14391
20006
5478
8176
3123
1337
1339
21055
14426
11349
19651
19665
1547
3911
14631
0
2295
2290
12924
1253
1246
1466
19831
0
15914
1086
3548
9002
16632
3822
8884
10164
9439
10412
3089
8366
25710
2559
18093
14600
2315
2014
10895
7699
18364
1155
17376
6246
10349
1612
1621
1661
26268
6187
1008
6367
8949
1099
9534
10291
13967
24473
2632
2628
2632
2646
17857
4112
0
7599
1655
26731
16354
8531
7890
2966
2223
18726
11228
6900
7165
2121
2107
5489
10632
25222
2011
1848
1854
1849
1851
1847
1845
1842
0
13034
8211
14148
6493
6053
15966
16903
3046
5638
9398
9358
7480
1553
18648
3278
3273
4216
7910
14946
10572
14173
11815
3706
4673
8256
4215
24832
3090
3168
8939
11796
7785
3092
5875
15034
22003
2266
2589
1386
2021
14860
3584
5618
18596
18900
8045
17264
3482
8423
10530
17463
1094
1360
1460
1646
4667
2045
12805
5576
11908
9262
19665
5402
21839
4188
29409
4531
9730
9033
14774
4408
4460
1621
12974
21884
34317
4302
1615
16973
20291
14242
10798
14164
0
6595
10756
5862
4984
22623
15878
3759
7180
23873
2542
3482
3789
9605
3941
1499
1564
11893
2199
2224
7372
7319
1139
16386
1952
1955
1020
17535
8765
8107
4542
3548
4941
9570
3937
8997
2800
11064
14282
2610
1243
2814
31290
9900
4126
2736
0
4177
16081
2066
3118
13675
6210
9325
3041
2612
10109
7816
2305
1761
1860
1767
1161
16706
2467
4567
1368
0
32405
6949
13729
12387
4429
18525
9038
10196
10567
18078
6043
9532
12393
17418
0
18210
17127
20474
2821
23473
2424
8716
2524
7137
10364
7196
6508
11976
5596
3582
2586
10329
3612
15532
1619
0
2469
4213
6908
1359
1604
0
1483
0
8844
0
6919
18060
10310
5176
22081
4923
14839
9893
2032
9154
14261
2244
19625
19886
10830
11971
14996
3013
9555
2361
20103
2275
6419
8981
9599
13901
12335
5687
0
0
3535
3014
7961
5606
17497
12838
17289
0
6019
6518
4650
2004
1428
2125
1998
2000
1997
3672
11912
3808
1326
2748
4624
6951
15566
6371
12585
5462
30699
13851
5186
7825
8203
3052
11240
8501
14867
6430
2620
7012
2715
2712
2710
2708
2706
1164
13840
17889
0
9338
24144
11392
2468
2459
1202
2468
26602
3600
4083
8783
4243
7448
8574
16465
3822
32392
1571
15420
9985
15068
15376
13338
4346
10914
1575
2144
13971
1470
20268
1650
5922
13279
15606
14044
7420
3105
5760
4903
15875
5286
4675
16791
16690
4361
2978
2246
8972
6743
6241
7207
4411
18811
8158
7650
4674
3507
3238
18907
10555
4036
1596
1594
13302
5980
20308
7378
15247
3798
1161
1135
1149
1140
1129
1116
1161
2037
6055
2219
1117
17600
7675
2475
5910
1754
9002
10375
1426
19622
3995
3987
9537
8192
4332
21520
1695
9271
14842
7372
2057
9331
9636
5562
6727
5156
6927
7765
2082
2089
2084
20228
9219
7273
2687
3319
5913
7734
16673
16814
22141
3779
11130
15770
8552
6404
11869
7180
14834
26364
17619
6098
13319
0
12631
14431
7454
2460
3869
1740
9760
8177
4518
0
3461
3404
2601
9384
13833
16103
21540
8874
10608
13764
1895
8275
5154
20085
18011
4133
12721
8581
3863
7489
16985
8539
9265
1181
6920
5594
13407
4264
7565
8420
14235
23283
2472
15835
18502
0
9023
6681
10995
5043
18077
1524
4371
3817
11263
10786
4527
4396
1681
15368
7804
14702
13574
14511
25221
6101
18525
1856
2590
0
4373
1598
13345
2596
16250
4326
18172
21811
12446
10011
9197
28775
9720
4045
2156
15283
0
1859
1857
1867
14041
20959
10375
23388
2671
0
6656
17543
5695
13775
35794
3323
4360
4323
7671
3905
1130
2197
1352
2892
19274
21866
17010
10811
1052
8699
1997
1873
6073
13945
2362
6539
11070
24980
6909
16967
5774
1352
13221
31982
20372
16577
17350
3872
26521
15861
3529
7150
14512
20664
0
11140
1673
12094
1583
3365
14957
7367
2622
9387
8203
2397
2502
11062
7651
1838
19790
11859
11639
2074
3175
4071
15728
24464
2415
13181
2535
2449
4462
19015
4314
9560
1584
15656
5642
11122
5886
19839
5794
15924
20109
17840
11031
1065
10378
0
13654
2921
6268
5484
6246
3261
13318
7774
15193
10674
2384
1310
6609
20963
5178
1761
5302
6924
9083
2759
17288
5972
23883
9050
3626
26076
7523
2089
2090
2088
2097
12292
17383
15864
4750
14037
4295
13494
9171
9077
11560
1552
1181
1199
23157
8690
11581
4592
3931
1113
1753
3723
3436
5924
10031
2975
3052
7298
14581
8053
8842
2730
4273
8723
9820
19548
15287
1994
3739
11729
2716
0
11405
9726
15352
3715
3712
3720
8070
2430
2426
2425
2422
1419
17737
3756
9474
23726
10286
18269
14667
17042
9582
1105
2053
2568
2422
9354
10516
2746
20787
24870
8621
30281
5032
18361
7594
5054
13600
2335
13256
9924
15064
3560
0
2310
19156
5914
4995
13335
7570
20368
14929
4769
8366
5342
8214
2518
6036
17686
1489
0
1522
0
0
3238
4986
7490
2845
7704
0
5599
9993
14074
1374
1359
1373
1369
1372
13349
14889
3201
5656
10213
3612
12426
14066
2879
9593
8817
17257
31984
9824
2780
15583
4181
21664
9305
3723
2267
2318
3097
2132
20065
6081
5902
33738
1671
8743
3823
1253
1251
1253
1259
1240
7805
10318
4884
9969
14558
13735
7113
7461
10691
7550
7153
1975
12405
8534
17613
36785
7634
4085
18313
8649
13234
13940
18470
7391
8259
5229
2325
2313
1963
8133
11975
3150
16214
5492
8052
4319
10110
5202
10904
2065
2017
2051
16720
4720
16315
2278
3175
17626
6181
3210
11820
19211
21160
2230
17759
16134
6392
8905
2835
17638
9780
19104
5322
19685
15967
1791
16331
4184
4607
16967
2064
3184
36349
9304
9882
16673
11762
20929
16576
0
13413
8993
4317
11575
13584
2628
1576
12655
22129
5590
15881
8645
1899
20234
8626
4308
3160
11297
6645
7125
3764
3745
9685
11543
5493
1534
1782
1806
1780
3176
8202
12901
22645
2725
11750
11154
10358
6120
13707
5557
1706
1462
18139
10157
5437
5398
10020
3938
3931
4619
7407
24674
3161
2623
16233
12090
4671
9855
9497
1717
18642
31295
19567
2733
21205
11814
8731
11992
9544
4538
15959
7909
28776
15468
2274
32677
5914
10340
3352
3082
2008
9860
2146
13367
16656
7438
0
17559
6791
16633
8856
0
3749
1325
1460
1454
1455
1454
11994
3938
12572
13738
8019
11818
13063
9561
3869
12579
17101
7876
4451
7811
2249
6118
14128
28342
13154
23067
8144
12210
2803
13964
6558
14708
2033
15724
6668
17605
8859
11151
3964
1094
18231
12460
34996
1004
8148
3580
14826
3417
7252
24761
27357
1093
13128
10432
5711
10270
10158
24242
16676
8443
7842
10467
1773
2612
1641
4930
4921
4019
3215
3805
8722
1856
1859
1851
3452
6601
6525
15212
19645
3161
26800
17376
16651
5093
22533
29657
28901
22334
2381
9287
17824
3034
19682
3319
14294
12820
15596
16111
11894
3834
1980
11020
6019
16363
2621
5467
13323
3078
8236
1218
17479
11785
2994
10492
16876
8016
7193
2347
3320
8988
36317
11337
7943
22220
14628
11001
11016
15413
13840
6334
7158
3102
2075
19477
5793
14075
8891
19274
6764
16649
21699
11639
2373
4143
7528
2395
2208
4658
19597
13209
10820
7870
18736
1879
2715
7968
7336
7747
5861
0
3698
2006
3348
7570
9511
20379
3611
3570
1678
20223
23309
6208
6331
7679
2056
2078
2012
22810
20224
20706
3661
4214
2036
18873
9581
7859
10934
9574
10451
10601
2159
19081
5320
20165
13745
21564
34129
12981
5757
9205
11291
10968
20216
4702
8620
1543
15845
11788
3918
8990
13708
12110
15506
6945
9524
14662
9782
8095
16263
4413
0
14166
18160
6359
5617
2219
13661
21369
2203
20209
7933
10699
21261
13993
2853
14265
23440
7631
3116
3111
14907
17788
3577
7340
11157
16117
11197
11924
7567
8071
11494
1442
18490
6230
18172
6346
3131
8423
3676
0
2956
1334
7120
2029
14767
13710
6592
19967
4548
2449
4114
3259
20348
7172
18382
18384
2656
0
3269
17614
5407
11910
4209
2073
8099
18642
4705
2675
20336
23286
4376
13511
2937
6341
24945
7828
1919
6008
3924
9429
1059
19228
21983
6033
18299
11029
16777
6438
10422
18205
4917
3465
4375
5856
19055
1134
11709
13673
12675
14124
11609
20553
2545
20954
7505
4008
23811
19774
17428
27047
11677
5105
12166
20069
10981
6050
16997
22325
18479
2939
3055
3001
14244
10114
10548
16180
10600
16782
5486
2243
14098
2898
2885
2299
20278
6583
11894
4453
9202
2959
0
9464
7510
6441
5104
8613
4162
12569
0
1205
15088
9402
12401
22457
16679
15477
2848
2920
15833
13901
3220
1701
11010
16599
8996
7083
18753
6228
10290
12539
9818
7038
9576
4118
5782
8623
0
18229
18640
8487
7381
9697
9170
7615
9247
2249
1407
1408
1407
1411
1407
1406
13597
11951
4794
15890
2526
24987
14752
5476
6846
20727
8011
13016
4583
11562
1647
2213
12357
11289
12719
2916
2860
15971
13302
5394
4506
19377
6405
6335
19074
1941
2634
19916
7740
8834
9269
16508
11420
10080
13492
12177
10483
5162
1993
1983
1987
2802
6848
6359
2918
2664
16121
12304
2908
5908
7720
1717
10000
4058
16340
1412
5721
22904
2650
4413
0
2471
2468
2459
2477
2466
3361
2803
1554
18705
2969
21971
11843
3662
4488
8336
6497
6929
19522
3668
2160
8435
12091
5545
0
10149
17931
2986
3308
3243
3235
3255
9573
9489
16031
8210
5184
5844
14704
19831
11728
3241
17361
8127
3781
14256
4469
5374
2572
10647
14433
9816
22644
3474
3606
17197
1045
2290
15326
22693
7112
13066
1545
5756
9394
6428
3376
6149
0
1886
4756
0
1965
16673
15098
2416
12557
13450
21075
10041
8393
19470
5146
7884
9498
19548
8203
2963
5059
20810
10173
10763
11714
18979
8962
12495
7771
12475
4762
28252
1063
12515
9325
17816
15182
4729
7269
1132
16527
6860
15067
6424
11966
13371
14638
10587
1259
0
7785
3602
25848
10317
5693
6096
4899
9839
0
7194
5121
4786
5177
6814
15859
21103
2329
1968
1958
1962
5189
9771
3535
10275
1140
9579
10040
28158
6456
1326
6864
1161
8055
6009
2151
7338
11635
15823
9774
7614
19445
19265
8815
21436
1537
15085
3332
16524
8934
16913
7311
6906
14540
2591
5646
15613
6653
21024
1655
0
9163
11690
5471
15297
25132
6440
13445
2730
9272
11404
4195
3369
0
3543
4297
16415
12644
3737
3726
3718
13084
10385
4132
10940
4795
2850
18648
5503
6374
14592
1430
7461
15965
11840
2158
10017
21653
0
0
2225
2176
13755
18401
6831
19517
12048
12158
1873
2275
2275
13183
10861
7641
7306
4549
3074
0
0
3517
11227
2737
12993
19057
12746
6188
5194
18087
4908
1985
3897
8089
10902
3337
10713
6685
6846
5434
1124
17668
1832
5321
0
9239
16941
6700
12835
17927
11551
17533
13165
2731
9408
4475
11028
1616
1086
5272
1820
1667
10347
7029
11786
2994
16658
3377
20506
5449
16447
14842
21499
12285
3831
4689
3696
1813
2884
2809
3171
4493
21235
4451
19807
6696
4096
20881
8795
6375
19869
12702
6772
10328
8472
3152
9377
6737
14491
13346
4289
1130
27375
14647
5637
6646
3468
5105
5589
7684
7684
3160
8996
1780
8554
8829
16958
3811
3277
11657
23959
5123
12003
15214
6964
20179
1761
2026
19835
7758
18322
11661
16091
10692
1672
4812
10056
2017
7630
2729
2718
2717
19455
2339
8647
2767
2659
2645
2648
11950
2983
0
7427
12024
7731
10023
8489
14270
22240
13643
7168
19777
1670
1659
1632
0
15917
3487
8721
1465
1455
17808
1603
10944
10867
1163
10548
6124
14207
7547
27262
7476
2836
10161
3339
19329
9533
8427
11162
10480
8052
18690
4243
2789
2796
2791
11560
8322
8044
13664
7405
27855
14508
4450
1055
19378
0
0
2210
9907
3083
12028
6530
2902
5317
9328
16907
14359
2040
1085
22440
10852
9946
12619
15436
5357
6761
2254
2879
7426
20216
5093
26702
4319
5525
2054
3198
9655
7668
12185
11214
0
0
5425
6843
6005
12487
1905
1894
5325
11229
16234
23886
4562
17594
2398
14043
10316
15333
10610
9806
9476
1753
7266
16174
12768
10311
21758
11802
10858
7221
12206
14156
24774
6452
16525
1217
18448
3929
10636
19140
21289
15006
0
3822
2487
4700
15202
4173
6014
12548
1182
9206
0
7348
14027
11591
4665
6152
11622
1573
3272
15844
2931
18940
16177
19203
6310
2443
2445
2214
15348
10026
2927
0
3251
15399
3814
1309
6940
1437
16291
1961
3031
3217
1041
8118
2011
22297
19297
1494
9173
17947
2749
3005
15039
11239
9717
13905
2866
9967
8289
7249
2409
2337
2340
6491
19888
4464
2832
15212
11706
10952
9964
6512
16367
16699
6080
11039
21551
2158
0
9800
1472
3797
13137
3128
13242
0
18402
2809
8585
3717
25005
8241
16598
2056
2063
2058
3985
9653
3581
8152
1314
1304
1309
1309
1706
9719
2423
7639
17432
1046
12484
12523
1439
4922
11024
1489
6673
10652
4886
15219
4101
3532
3907
1443
8422
2834
11689
4436
8873
19380
3901
13631
1667
3964
7195
9339
19529
13027
3578
18074
6916
6945
7700
19267
19230
1305
13588
20947
2949
2726
5707
2132
2635
1194
15346
5067
0
3933
14650
13918
19484
2282
16064
2478
2815
16874
0
8006
11868
13795
9079
2413
2684
8533
7470
16001
14290
16802
7311
2092
2791
26272
3309
3674
3996
1496
10434
11383
12717
16819
17476
11020
17746
11906
21037
2490
10457
11255
12069
12718
16288
4817
2233
8396
7109
21231
17295
11518
1618
4517
17416
10093
6826
3686
11680
4416
2983
15082
17726
11367
22005
19964
7721
21043
3766
2360
2362
5303
9885
11107
1896
6486
0
18001
2966
12056
7692
20157
6482
4320
4531
18867
2614
5282
3667
3253
2027
20698
0
11026
17390
1481
2716
22383
22428
12033
11808
1509
1483
1518
1511
1492
1501
1512
2669
13414
1074
11373
10671
2676
1468
24939
6929
13148
7282
16398
12842
13500
4159
4170
5805
10660
11955
22190
16124
12233
3298
7072
15349
0
6910
3209
36062
6460
1075
1036
1013
1888
1947
4478
3586
3496
2442
9088
1735
8365
11496
3040
3055
3031
3014
4745
3986
15443
7685
6539
7338
3844
4404
13495
13740
1635
19194
3352
2278
2178
15359
28569
22622
17158
10457
8307
0
10041
14790
9794
4385
6645
3985
10754
2461
20427
1363
6496
12831
6933
1744
10711
2959
7725
18931
3882
13401
9806
3689
8124
4004
14012
2623
20242
29800
15192
12972
4726
6363
0
1805
18384
14356
12720
8958
4682
4057
8735
6251
3575
1014
6642
4139
12860
12341
17257
21111
2081
17434
7216
8691
11206
0
14484
4467
4931
2259
2608
12305
5699
12651
15655
3803
10753
3934
10324
7696
6452
9933
14871
15305
3284
7668
13905
1394
13771
5671
5505
5465
15073
2773
5083
5046
7032
14124
8438
16205
3207
7767
9810
12042
6949
3730
3981
6207
7582
7584
7809
18481
15705
12892
0
10044
10742
15825
10950
18982
12219
5816
5084
5065
1854
1768
7541
7666
0
2746
0
1728
1728
1726
1726
1727
27246
9666
16559
8323
9496
4402
23210
4974
3094
3350
8609
5439
1767
1322
7873
1929
15669
16040
2458
2458
2431
0
1181
1176
16856
4130
9159
4330
1153
7757
4817
17474
0
13912
11633
2703
1209
3215
2566
2575
2827
3132
3411
2492
2609
2736
2556
2482
4930
9389
5596
15245
23597
10754
8948
12026
8042
15327
2418
3818
6297
1346
8073
6380
9706
2511
2341
2438
2421
12703
6667
12663
21504
18062
19620
2934
6474
21992
7242
11465
2662
2462
2464
2466
1473
2352
21892
6400
21171
7689
7073
2838
8943
4527
8943
0
4393
8526
19305
14067
4789
16750
16626
12695
17201
9045
2574
10603
4436
3390
3818
2535
9930
4502
4782
10099
9628
7921
25827
12891
16837
23407
5494
19709
5675
24319
1125
3143
2180
3737
15913
6119
15967
8911
5943
11391
11151
5096
10495
10931
5050
12573
20672
2973
2084
13694
3510
22860
3486
1047
1161
10079
9191
7932
5103
19014
19308
3592
0
4854
20923
8506
8654
2536
25787
2684
6111
3760
2898
2874
2892
5092
11844
21023
12611
9608
20190
1461
3997
4617
2879
20894
5162
19657
6902
4112
14594
32589
17694
21913
2101
10795
10622
12333
8250
4877
1673
6138
14137
7221
16344
4064
1857
1419
22415
15185
1899
1967
10840
7904
10377
6812
3288
1456
10395
6649
7132
1545
3190
2084
16720
10533
6694
6889
21815
1595
4939
16305
15757
9012
14963
2699
26777
26217
24040
6773
20975
4065
1977
1993
2259
15413
1497
5821
18449
2673
28062
4659
6546
1642
15030
23505
21014
2074
6394
1727
6092
10707
8803
20727
4266
3989
9544
25580
6035
1259
15492
6152
13819
1449
5822
9005
17349
6590
2965
7301
11303
10987
4269
12349
2252
3661
7534
21755
10095
4601
27724
1429
12370
4843
11459
7280
5024
3695
3358
20756
3656
2511
1623
2705
8324
11456
16139
17348
17680
7507
7825
11772
14692
2908
1825
1825
1841
2791
6734
7713
11926
18083
18816
17241
3189
2140
4161
13099
1903
20183
7075
15446
9390
8363
6055
3035
3926
16023
13735
11961
6745
15493
7491
5389
14430
17152
4653
22238
15918
4065
0
18907
2342
0
1382
1386
1383
1385
1382
1377
1376
10961
30875
2830
12252
16635
14094
5839
3136
11934
1611
4126
3274
4474
11364
7987
18429
6767
19426
5655
4888
2994
4508
21681
13536
0
5110
6421
8633
12535
8955
2748
3493
7408
1798
1736
21069
13348
17446
2575
2387
17499
15925
6579
5145
8164
1171
4949
17032
20533
4795
7468
7900
7900
16887
1427
4418
4845
12461
6384
17967
5237
3798
14537
14862
5331
2387
3806
16929
18996
1686
1681
1570
1560
32838
7622
19520
6770
12426
21459
2352
4789
3986
20430
9115
8720
3759
3332
17256
8197
6473
4882
2319
17191
7953
12309
1510
24284
0
3082
2911
1379
4101
8182
2615
12970
1768
12884
13825
8330
20916
20739
16218
6100
9791
20514
9248
14682
1774
1744
4205
8662
5125
15123
9382
17372
14336
10993
4193
21626
14643
15170
6281
11993
8388
3317
3309
17438
5178
4136
2571
1954
1508
2996
18975
10057
0
17417
11810
25232
1332
1816
11329
3621
15174
3212
1997
1430
4184
14510
5999
1057
19179
8809
2549
13609
10800
10664
8157
4044
3216
9698
6958
5191
13003
23038
23267
12335
3124
16765
18514
4777
1137
8352
10719
3674
7846
15080
1482
1280
1236
4422
4250
9158
9315
6226
12773
6220
6485
1420
4899
3640
9690
6942
9267
2142
5337
0
12244
1848
3300
4635
1713
4562
4911
6363
20295
14631
13798
7423
18759
5722
11490
11604
3948
3621
7997
7158
1845
1840
11693
14784
17156
5536
10447
8973
8985
8396
3444
2892
18218
5958
18794
3161
1812
2403
15184
2723
1368
10248
12982
0
7946
22201
1909
10680
5855
4533
23221
3910
17554
0
11059
3308
1201
1426
14930
10414
8442
15310
3422
1870
21696
11644
2954
7437
10848
2441
8333
10869
2965
16998
7215
3010
1791
1827
1804
1800
3566
7847
17636
6175
4128
7219
5942
2682
16042
3733
5051
1136
3874
28349
9693
2242
2638
11645
4864
7986
12806
22360
9026
12086
2092
2897
3946
18921
11455
3545
7215
6944
7662
2878
3709
6599
7724
13245
20969
7919
3536
19086
8331
7545
5363
4232
6249
1071
1097
1073
1070
1071
6438
1295
1299
1280
12976
1927
12457
20894
3414
6746
1771
6805
9182
1731
18482
8071
1267
9676
3862
6727
7481
16761
5264
15090
18710
2027
7656
23854
5574
11760
3753
12930
2628
3093
3017
3007
12760
8464
3659
12186
16397
6731
0
1915
12283
5390
14579
15797
7783
2306
4989
3326
0
7601
6342
7848
4180
3470
19589
1195
5443
3340
0
9279
0
5600
13937
3029
3027
3022
3163
7178
6873
9520
2186
2190
2171
10066
1444
1931
1762
11267
9994
11752
13522
9423
5524
19559
7276
7295
18132
11366
25234
11299
2097
4485
2990
13794
4335
16093
13100
10388
8942
4586
8593
4121
13865
10986
3165
3166
7284
9951
9238
6484
21319
6478
7744
7068
0
1903
1923
19268
13072
2033
2024
2033
2032
1423
15726
13781
6794
2354
3897
6464
9670
4982
10094
8356
7925
12729
1507
19552
3702
13973
3511
5551
2578
2545
1579
2361
2368
2571
21959
25710
13786
10175
10970
4257
8418
11632
18184
6063
18784
1984
1985
1982
1985
2824
15302
14241
17356
1758
10468
4966
1300
1183
3438
10122
3917
1037
3952
6889
12922
13071
2282
5677
6441
9670
17929
7200
7695
8516
4278
10265
12169
4508
9617
7459
14659
4507
9736
4902
11887
22218
11380
35210
10083
11670
5655
2005
19844
19222
7723
2657
9949
6901
2674
5224
1352
6941
15482
6522
11765
2209
5579
9775
4283
9940
3498
18183
9842
5478
8543
1891
2867
2575
15006
8963
11840
4663
7778
6942
16326
3096
15869
16439
17938
2135
2141
1561
1722
2727
2190
2197
2176
2164
2356
5686
2446
14993
4634
6268
7282
2960
13989
11004
3511
0
6354
13193
3410
2809
22129
8953
4108
5808
8202
5967
3495
3482
6278
10147
7511
2891
1491
7309
2319
7916
27262
2879
1221
15091
9266
3551
9081
1050
7180
3361
13177
25803
3304
5085
19813
2578
15054
14224
14060
17840
6889
14829
24296
14333
16547
21905
11022
7790
13240
10888
8588
14051
19003
2712
6902
0
14271
9784
10343
1650
2528
5670
1730
0
8477
15081
7419
21513
4410
4144
0
18772
7061
5212
3160
15289
5897
8336
3602
17953
20632
1998
15046
12332
7302
2666
6336
2248
9923
18869
8642
14944
19611
3214
17309
21695
16869
9842
8484
17789
7672
10876
11779
2017
2802
14528
6682
11802
9709
1776
11182
1838
1854
12355
12847
18665
20491
8543
17423
15516
7650
3374
8564
6318
11875
14967
10520
2317
14286
22324
8103
8421
7873
9080
3241
6555
19499
2527
5367
4534
17162
2665
7180
2872
4439
6738
24069
14972
3997
2731
2726
0
2257
2359
2318
10527
9524
2497
20536
2883
11560
10063
2198
2194
2236
13047
9540
15850
13591
1443
1556
1365
22687
1631
2654
2654
14380
4136
29088
22478
1224
1602
10981
0
1187
10200
2277
2269
2275
1859
5680
21164
9487
3409
18642
11556
8405
10383
4300
27102
10930
4290
18669
2314
2300
2299
16197
16416
13175
2686
3764
0
17415
17279
10972
20124
7794
4901
7176
17647
2706
18185
1713
9865
5604
12279
2365
2259
2141
6633
7331
5883
12446
6270
19638
6453
17924
8845
20635
2807
2775
2860
2785
0
4755
14064
7219
1113
1729
14041
6753
11596
1277
11573
1200
7505
13645
11461
1715
14345
3842
7626
4589
11844
2146
7645
3278
16628
2767
2773
2766
2755
14642
7077
7218
2162
2432
2413
0
7647
2261
2267
3636
1847
8464
5708
1500
8370
18158
14446
1428
5181
11743
19418
20245
18757
13539
9253
14116
14391
2498
16063
9637
24480
8497
14587
4070
4074
1328
8880
5147
3456
21084
7210
19835
8898
19328
5179
2826
17374
19107
6843
1253
1253
1264
2854
1614
14634
25628
2982
26980
8231
21418
3625
9883
18886
24978
9336
10891
6803
9825
4546
11950
5041
4588
0
7437
0
10258
1572
1457
10867
8256
1588
15253
9054
3442
2776
4384
13192
14570
10710
2393
17929
17220
15808
26831
15630
0
14253
7040
11469
4449
6844
25094
6690
14212
2375
0
3599
13466
2622
1447
4681
12017
4789
9771
19145
6915
7109
24005
12376
20412
1320
8311
3848
5061
18607
2747
16594
2094
2130
9302
6258
5451
16162
5881
14966
16024
7698
4435
6709
5940
16373
5192
17263
19708
13453
11706
17447
14451
17663
12198
2066
1257
9167
16722
7047
1633
18150
15902
1403
1303
13743
8425
7336
2277
1831
12195
6610
1248
1249
1264
1266
1241
2698
8147
19659
10871
7213
21502
1154
1150
1155
1151
1154
16939
1900
3233
7608
6344
4328
2954
2958
34385
5102
4551
2421
12016
3978
6050
19616
13278
1051
8046
6193
6863
12154
8633
13264
13474
4168
1722
1737
1714
1734
3829
2488
11153
11172
1122
3782
19649
5896
10833
16783
6341
5638
10425
1980
12549
5612
12340
18196
10112
3212
20608
9381
11075
8768
16877
14145
4726
3151
4768
5630
9084
8566
15971
24233
2987
6018
3302
7796
2652
2643
2207
1668
7501
5273
1654
8875
11918
20347
10986
9809
7948
2936
13511
3997
11188
3982
22872
5825
11498
1012
16658
10453
14822
1757
7233
10417
18528
6399
4908
8925
1774
2525
19700
17162
3156
1355
10560
1042
10148
15005
11094
7165
1502
10706
23971
1861
1856
1862
1881
8647
20533
14991
13452
20768
15092
4171
0
7806
4651
16730
12453
2792
13218
15945
18774
0
4565
3736
14080
4329
2998
6596
25246
13721
8168
4900
6487
2009
3056
1688
0
17263
19456
15476
4604
21284
11182
28928
6539
8146
15090
15427
5206
4968
6904
3455
6868
4065
5398
17831
15607
3657
5011
7363
1506
6891
5432
6115
7014
4249
16108
14155
10010
4256
6542
3735
20050
8198
20552
4161
3040
3038
3045
14797
6485
5718
21993
29670
16653
17647
20364
8489
1825
2473
3721
4750
7120
16047
9056
17254
11541
1780
2129
11042
1331
1328
2274
8830
13196
0
8330
14463
10922
3048
9937
8617
8427
17775
3901
7971
18895
10432
7881
26311
5562
3560
8323
1117
25940
14710
2400
1355
9524
21107
2035
19990
0
12067
1463
16127
7873
15384
8757
6317
2972
13417
15121
1943
17531
4633
4805
1928
6599
4535
1298
0
16253
13000
3664
6453
11193
10588
6854
17972
11933
20799
1341
6109
9156
11141
9230
9826
9955
2836
2517
13662
16937
1384
1377
1383
6539
15254
4555
5018
2229
18971
3172
10517
10846
1103
6960
13156
3028
3033
10577
6317
22811
12203
12101
0
14239
3932
4693
3011
1332
1332
2025
3113
18334
1469
1474
1469
1469
1473
11702
6168
3423
8267
19394
14711
15034
14653
0
21235
5861
3376
14211
16452
7105
5001
3699
1205
2495
0
6770
9914
4317
7627
1967
1909
9037
10636
0
9466
12016
12417
9413
15330
20448
0
17754
11205
11749
12725
9876
5779
17923
16933
13037
2770
1602
1593
1593
10372
19675
9939
6459
3486
3262
11395
21309
1352
11844
1406
11113
1021
14453
7249
6644
8377
3465
11530
10522
8698
21441
6058
14194
3882
11639
1657
1450
17652
2269
19349
13152
19266
17255
2876
2901
5768
2831
1856
14230
2856
2852
2851
1043
0
8819
13589
7044
2390
20898
13232
4422
11136
9713
15871
4145
8947
9202
20318
3468
20715
1099
3678
3656
7629
10038
20875
12355
22216
10845
2758
22345
9157
9762
16101
7596
2235
13034
0
22602
11475
39751
16740
28459
3432
3346
0
12997
17879
12029
5848
11923
21620
1141
1231
1147
1157
0
0
0
6988
5423
8848
5837
4059
0
5636
0
10757
16059
1988
17718
5842
6039
5957
15061
8700
10507
13213
4834
10591
17771
5790
15893
2419
3615
3778
12402
3506
1803
9378
12976
5356
21483
7591
2661
7675
17361
2177
2850
10961
17187
8497
6562
1807
1569
5003
4747
9345
2940
9836
4286
2278
23453
16721
15011
7410
0
6689
2786
18762
15396
12414
17661
3694
5497
2881
4001
10776
10064
6379
3069
8546
15327
12384
1784
2385
21008
6148
5713
8346
11427
14285
2435
2281
5884
14218
2484
16485
1372
1281
1278
1791
11329
8096
5442
6345
21464
9061
9062
1444
5474
5723
3666
3776
20726
2953
5880
11760
2673
15499
13592
11761
3252
11584
7433
2743
16880
3970
14331
18785
13926
14097
14519
13050
5850
5456
11884
25883
18046
18866
8522
14181
4133
18513
5477
4716
9502
0
1877
34385
11395
3194
3206
9002
12506
4792
17667
2468
2468
1649
2189
8268
8835
9274
3641
11173
6821
15252
6632
18150
8867
2683
15820
7767
3655
3415
26611
11294
1409
23062
6633
3756
4956
6746
17585
5075
8898
5268
1366
22557
2270
2459
2472
12146
22056
7474
4021
5135
1101
7935
11331
0
11536
1466
7415
4305
13943
4299
3730
12605
15220
21513
19805
0
5763
17922
1753
2122
14232
1474
1464
1700
13818
12468
5908
5804
10483
12734
23884
8567
3702
0
4438
11251
5683
6820
2879
2858
4917
4788
2134
8844
8368
1236
12684
3112
0
9549
5175
5307
14190
16786
11170
1647
15542
2776
12085
18153
11686
7494
15314
12165
11579
13659
10840
6905
12703
8312
1196
6102
3817
2343
18979
16066
13184
2667
15877
20993
21204
11918
5949
16485
9180
23119
2612
2413
9867
14802
27082
11103
13385
7576
7197
8054
12300
12498
9675
13446
11304
20523
7232
20676
21685
3555
29273
9688
10108
12646
10037
16335
11894
5707
1955
12915
18026
1650
15342
16127
18902
9524
17380
0
0
1681
0
11208
3753
14434
10777
11942
14442
18704
2004
14849
24024
2362
11158
6639
6641
3593
3487
2266
13481
16003
26373
2377
1538
12743
15267
0
1091
2261
0
3789
5157
8372
2348
2340
2335
2380
3373
17301
4525
17390
16202
3492
5665
14141
11572
14320
20755
2311
3279
14306
4993
2556
17942
1549
1350
1320
1222
14114
19519
21008
7335
8302
3428
1654
1301
1403
3909
4122
17670
2894
15582
2949
2689
3065
3797
7636
15596
12305
7771
1777
10314
13957
2586
2389
0
1561
8951
2046
8804
12607
23163
1692
1689
7753
2959
6540
6782
3119
0
2515
6335
1463
1838
14499
1071
2871
1661
7978
8367
11509
6215
15716
8572
7277
1553
21539
15643
6609
7165
31625
7612
2120
8333
18057
1766
2949
5582
1836
5420
3362
1719
5365
11691
25434
16293
6932
7558
2845
2847
1929
14103
17838
17854
8922
16432
12227
13199
5456
0
2039
2051
1628
2673
10397
11538
9271
8314
10779
13217
12196
4929
2402
7214
6993
9115
9629
11066
17694
9170
15853
13087
5021
3109
3481
5494
4153
1874
16170
8783
7277
9458
2934
2018
8473
2805
8462
1776
5023
4103
2288
12208
11323
1507
18910
9166
2820
13063
7066
8300
15474
6887
16912
2383
18150
7960
4448
10433
11784
13256
22254
13777
3027
7192
5718
5498
4942
5353
1810
2939
7827
1045
15439
2242
19100
14625
8618
3308
4246
20258
15435
3171
8614
2097
14207
9599
6271
17937
1521
20497
1405
4770
12868
15582
1259
1226
20664
7498
6547
10670
8566
4083
9716
19672
7926
14530
7342
8547
14081
5946
13590
1514
11097
8647
3882
9027
4620
11172
20343
15693
25374
8325
16530
6102
9129
2227
9768
11294
20336
4880
6454
6763
9281
17995
16408
8407
4899
7959
19872
10220
11698
3861
1843
3422
7440
8722
2610
7614
0
8497
3021
14227
1313
4865
17808
11250
3350
9048
22408
0
15185
15261
2036
2265
1924
20867
9857
15167
16992
5263
5469
6695
1528
2856
13887
8608
9699
3078
20391
30490
13796
3318
25913
18243
11961
19981
12700
11881
5341
7808
7501
1886
9909
5756
11524
13486
12780
5364
10022
0
4693
4027
10858
0
2430
15510
11304
7621
7520
14317
1791
9928
19900
6075
11750
3142
2595
3552
1777
5294
0
5428
5275
13190
22346
11249
15724
2272
3701
3697
16152
22951
6364
5090
11135
5660
7989
19725
8431
8714
3971
14084
1962
9525
3458
2469
7760
6185
1169
7520
7409
1241
22817
19551
8762
2030
11846
15334
10135
25579
8631
11876
3760
4052
9055
12408
5083
2806
10283
17940
6287
39208
19136
9828
0
1533
1532
4770
3032
2010
2015
2027
10042
4502
8710
6403
4756
5130
3952
1771
8534
35319
16101
18100
5623
12301
14379
8544
7077
0
6372
11822
11172
3592
2442
2441
2447
2438
2442
2109
1108
14616
6744
4132
11587
8099
21133
1077
6590
2267
11548
4994
3512
3668
20219
1208
0
3867
10941
13858
3375
2497
12596
3030
14044
17094
15780
5123
12135
3885
3817
6229
1348
1344
1352
1348
1352
1345
1346
9057
17715
15775
7768
1280
5696
13557
16402
9096
10709
2392
4761
20530
10285
16933
2907
19116
5921
14968
17426
11284
8562
2803
15244
9485
8980
6406
5498
6125
11050
5000
11246
18582
13586
3279
8956
13633
1490
21575
7184
10165
16553
10000
14483
6972
1007
0
10911
20674
2184
6073
1070
23435
11354
17077
4275
9508
16041
12283
16400
18413
7299
7308
5234
2012
2021
6453
6458
16753
1512
13709
3524
16502
4279
18188
12019
2335
2390
22374
2675
2840
8324
1221
22331
13648
5269
9441
12119
9917
1437
1360
1360
1357
1356
2799
18189
9646
8316
6868
1311
7122
38500
18061
5143
7400
2486
8252
6705
11018
3257
22943
14061
6367
4142
19268
21758
14199
21413
2171
3519
15601
9135
2006
10582
3052
2295
17679
6913
1422
9358
36570
1963
17982
9546
2684
2795
5235
14523
8089
9040
16225
9282
11320
20640
24623
31783
17316
0
3925
0
26734
14187
10804
4250
3053
7785
1104
15628
8592
17593
19661
10355
13697
0
5083
9707
6702
13184
8514
1844
1857
14748
11746
7774
7530
9458
18883
12528
10394
10274
2419
2481
2589
2437
12738
17962
4714
3840
4968
1021
6134
9338
2143
3901
19314
4128
20942
12090
14584
4232
7628
22649
9831
6515
1079
3083
18239
5338
1400
1984
11539
3186
4314
8604
4570
4886
13757
2091
14736
17030
1924
15586
1261
3649
4258
12064
8809
13190
3789
7422
6451
7428
20588
3318
14929
5141
1167
10972
6678
2838
13852
21076
17642
9037
2460
4831
3787
5480
18796
13064
7588
16669
19765
5087
8809
0
2397
10637
1645
4498
19139
4808
2471
1753
19730
4125
11041
3738
5720
6366
20502
2673
2668
2671
2675
2786
7894
23336
10446
3145
2753
14033
1331
4555
15014
5735
1135
9926
5096
7403
5386
17363
7302
10749
9465
17280
15408
1218
31817
26168
6619
3366
10278
2829
2828
2835
2858
2027
15246
15899
12356
1755
5624
2354
8085
7627
3070
2780
9969
5616
2466
4589
7866
13799
9169
10636
6467
11244
0
5013
16462
6785
2229
12646
6616
6080
8219
0
2720
4403
16809
10461
4201
4971
10369
8449
7452
17918
5292
3911
17685
19957
5657
16078
4574
3772
17656
13616
8620
3269
9647
5419
11228
4136
13438
6823
3550
27492
8187
3408
21687
3880
3268
9147
12376
14769
3658
2691
8962
4465
1591
24516
7796
2787
24117
6293
7133
10625
4980
5257
4138
16517
2568
17143
5506
10483
24171
10684
2549
2445
0
0
12755
4772
3351
2779
0
19167
17739
9342
15252
3057
8615
4103
21083
15212
3482
16265
19997
14185
20445
3838
3729
1405
12451
16050
1881
15075
15687
7538
4354
14638
4396
25028
0
10040
4386
7071
7702
2660
13475
20188
12131
7420
12914
9090
16628
19058
7478
4529
8835
4938
9536
10302
3436
11178
18047
3415
8562
1958
17314
1886
1121
4805
9819
1766
2269
14660
10584
19974
1457
5668
12414
5292
14115
19637
4061
1060
1873
1874
1867
23222
6665
8469
5501
16704
28470
21861
4967
1573
19483
2048
18475
9918
12107
5924
9401
0
2735
3298
28230
16925
13456
1667
0
7018
4212
0
7731
22770
2311
16384
14847
20321
20467
2199
15128
2025
10072
6889
22197
19024
8706
4658
11963
3554
1512
14311
5380
17844
8141
18166
10081
6107
4776
11884
8386
20201
3329
2348
1493
11721
2395
11111
6137
12074
14869
6398
3861
2810
12233
16382
7086
1655
19267
0
3140
3141
3144
3141
4378
4636
4842
18541
10624
18413
17746
15423
5519
5520
3486
4472
13030
0
6585
9429
1714
1714
1505
1547
1356
7971
14497
10174
11759
8542
1948
6752
10900
8447
11022
5319
6136
1589
11405
19215
20660
5626
9866
24475
19404
5270
3039
2154
17166
3067
4791
19238
4101
5227
13138
1640
17346
12369
5365
39452
2616
2596
7874
5455
2590
5288
3670
3810
4848
16620
29087
2498
2493
1615
4683
5007
22550
9834
2522
0
7705
4401
7823
3431
13912
8847
2908
7503
13725
6922
4916
17919
18058
6606
4139
4236
11530
7587
0
11081
11909
8046
1263
15639
9172
2844
4459
2919
18928
13230
3656
3255
11690
4184
17956
5071
14513
3486
12504
5208
5821
14014
7557
18977
13189
1594
6220
7260
12406
18954
2512
4792
17298
8821
9399
0
1186
8126
4591
6409
5952
17960
16994
11211
2072
13853
4116
2199
16565
3337
2851
4361
11470
5994
9048
8922
9653
2417
2417
2412
2539
1865
7111
8127
2653
4506
3186
19570
1598
10823
7182
8173
10860
21660
6301
8423
8974
23998
2247
11393
4782
1498
2437
6365
1660
4503
21374
3774
2225
2224
15563
1389
1389
0
28110
17758
13620
11252
10279
2438
4178
2128
1442
22043
22396
23914
18718
8775
5133
4489
11094
1559
14440
9845
19083
2913
4729
0
16589
9075
9690
0
11862
3264
11820
1173
7255
4631
10959
0
15598
19796
2561
18161
8308
11134
2114
15635
9656
11734
12668
6433
19054
5614
7099
15271
12603
8236
14043
1029
1333
7485
19119
1355
3891
7526
2298
2292
2287
5466
7362
8629
0
2057
3196
11198
2676
2670
5777
4766
4759
23912
9534
9874
19509
14344
14489
2168
2161
2161
2163
2158
4835
4240
4841
11525
19277
10421
7690
4612
0
2664
22845
5357
9190
12725
11737
19679
16032
14776
2826
10246
12585
1811
4717
3804
17886
6805
20757
9877
18744
7983
23528
1217
5331
11244
0
11336
2958
14055
3482
21999
2161
2162
1628
5337
2795
1454
1784
2290
2124
19499
7540
17436
11628
11763
8456
14691
10674
2158
18171
7443
6514
14301
3896
2837
8737
14202
2023
3511
2277
10535
10006
10470
14502
18919
16165
6436
2525
2861
8449
7625
19947
7715
2802
2819
4141
24588
5618
24059
1848
10111
0
9129
8365
20864
5745
1057
4555
3740
1208
11116
12084
8357
1040
8051
0
19992
23430
3273
13267
10536
3702
3699
3277
15823
15400
5097
14107
4064
10757
12442
3101
17231
9515
16989
6835
19154
18230
6753
7659
10494
25071
15464
3583
17405
15130
9320
11034
3223
20555
3848
9155
19737
10606
19545
9024
19879
26378
11014
16720
3246
25731
9897
17745
12512
3007
2693
1539
1533
1534
2003
23145
2740
9079
12817
15249
8842
12956
4529
8159
5085
5762
20206
2585
10679
10196
7883
23852
4736
1540
11177
6684
18944
19016
13676
1127
7259
23916
3214
7980
8732
10565
7684
16470
4127
1767
3064
18731
8557
1768
1725
5544
1130
1132
1140
1137
1137
1143
1134
21206
1629
2673
4996
9733
2372
2373
2376
2374
2377
11581
6312
7130
12602
18680
5091
5323
4626
16993
1893
18732
4344
1423
12518
2480
13865
15134
14185
20096
3438
3438
3445
9444
10668
1021
3464
8330
14881
10217
2722
2125
2120
2123
7008
11937
5051
15052
15935
12944
1015
2171
2164
2163
2162
2504
2495
2378
6319
13721
13835
13744
3635
21794
7914
18129
1749
8262
1238
3809
10239
3143
2326
26438
4087
1997
14025
3436
9752
2198
2209
2191
10677
14613
10372
12349
11110
11614
7393
4261
2240
2138
2667
8359
13832
2437
8887
26298
16574
6301
7793
6809
7758
12516
8332
3482
8466
8544
13186
18172
14482
2521
16569
3782
2689
13403
2833
9836
1496
1494
9051
31982
24355
3527
5034
5036
1313
3326
2669
2657
7801
17213
3008
8285
6330
6449
5858
4161
11036
3048
24471
10051
22342
5269
14353
8730
6796
3056
0
8021
2646
3342
5076
1569
4523
2055
15817
1861
1874
9691
5475
2379
19962
15085
2041
5620
11688
9597
3165
19627
9823
6555
1795
6833
4551
0
4021
5957
24423
11276
2982
14873
4079
2453
7189
1528
7205
11030
10431
6921
4396
4736
7822
8724
4973
4681
5461
9626
4473
5428
8409
10153
4104
4104
4102
4059
3629
2706
21031
6002
4010
10416
7055
12346
2538
6984
2040
8172
4780
4306
13495
9558
12118
1428
10275
14149
13400
2080
17789
9269
5068
22106
4632
10276
3861
15052
3010
18365
12493
18474
10293
17583
10133
5128
8395
12124
4090
13641
4986
8732
2746
4572
1543
1507
1487
1492
17129
12240
14498
7496
2479
3076
2415
12653
10069
2326
12475
8752
13690
9616
7091
7862
8399
4156
3615
4169
2748
3695
10956
13685
18452
24141
7988
10434
5055
18168
28337
6881
7482
2302
3082
8140
4785
8014
23560
1492
1499
14712
15622
3608
3013
22920
1447
10090
5633
4699
1328
10555
21325
2835
17920
17103
17815
10735
5250
1742
4812
2948
1379
2418
2915
2410
2406
2399
15262
12098
2817
19319
10682
1624
3053
5206
3177
13598
1294
19212
18223
17381
18475
8106
4587
6924
5200
20572
2352
2351
10909
11862
3235
3059
6752
10571
5931
3643
9993
14082
7488
6406
3487
9803
13250
8615
6241
10764
13092
2514
5950
9673
2415
0
8062
12364
1338
11384
0
5138
14342
13317
12706
11965
4299
4812
8970
21703
25037
8701
0
3790
21625
3938
25691
11838
19176
17782
2659
3059
17853
1574
7135
1597
5862
12857
1890
3378
11780
2341
25137
14713
26939
1443
18232
16638
4319
5180
20302
12538
10386
5838
8484
8673
2043
9782
13873
11021
14529
4321
4320
3947
21720
3052
7221
10300
13048
7316
11232
21680
4999
11522
14757
3849
6910
5346
11726
7428
14733
2105
2101
2107
2111
2105
5244
3998
0
8526
15617
6947
15519
4711
8319
2472
23354
25152
2722
6063
1408
1831
1829
1827
1424
3370
9717
11443
1626
17313
10760
3630
10470
14500
17442
4376
8060
3633
7091
2457
6576
7614
7791
7881
19202
1123
1622
3747
2259
1810
4292
8187
3579
14222
11387
6200
21626
11673
6458
7812
1429
11740
18727
17232
15172
2386
2913
2555
1792
11112
15453
12561
0
13360
21899
2478
2787
19023
17720
12486
20517
2243
2244
6946
6806
2972
6392
18422
7558
7961
8053
8298
8358
10271
4029
4580
12230
4233
21250
10938
0
8885
22547
5025
14567
6321
13226
1419
1413
1429
1419
19731
2135
4178
7410
16664
16134
17189
3084
5623
10243
9385
15056
4993
4513
6029
10711
5603
14145
9949
2457
12750
2764
15842
18422
17615
18614
13989
4023
18622
11916
7753
23630
0
1945
7253
18596
5576
3276
9651
4680
4657
15251
2361
19788
1728
18140
3641
6600
34364
6349
10656
5149
15058
6947
17455
3333
1590
1540
21347
2969
3676
1005
3786
4941
15222
15978
8852
4643
14984
3264
10467
21582
4720
3470
8574
2588
5604
21429
13335
4345
3629
13674
7109
7281
2385
15486
8657
7794
9398
8759
3452
21525
10910
10742
6805
6743
26703
14500
5149
5068
6753
5781
13538
14139
19573
0
4761
3239
4758
10145
0
10382
8600
14591
2862
2856
10996
20910
6167
19359
1948
7076
3239
1413
7129
6541
8142
9370
14421
3954
18187
12665
2379
14720
11950
13953
8514
9600
2740
12261
8693
7619
11814
5538
6907
7041
6343
2030
0
3899
1845
7811
6599
8947
2082
10176
2821
25080
4380
5544
5582
3924
10003
3203
9784
4187
3922
14605
6449
5718
7376
11897
11394
16672
2209
6869
2209
1987
10149
3521
6457
6042
22653
13087
3793
0
13922
2296
11474
2894
7094
9513
4250
18898
12172
1441
5783
2177
13183
15328
14065
14285
1684
1685
6066
1113
4595
11297
6712
4635
16793
17421
3703
26092
20945
11042
3399
6115
1409
17279
5444
1491
20495
5627
8575
5584
3854
2821
9191
6061
25546
2316
5356
21831
17342
2512
2515
2511
2518
7142
2327
27286
5634
7015
11891
5157
1221
1222
1219
1222
1218
1219
1224
1220
20853
2386
3936
3039
2945
2947
2932
15331
13773
0
15742
16271
2778
8810
1125
4841
10841
7170
18095
5060
2294
2291
2293
2295
2289
17858
15297
19897
3848
4320
5163
8546
6545
33961
17828
17177
2907
19795
7879
17291
2507
3845
20617
16811
18480
0
8563
8285
13718
17391
10080
3731
6401
12330
6256
10415
18483
22247
1601
8478
13733
16153
13915
12087
31412
24789
1014
22457
6711
18819
2519
32981
8371
4225
20765
15238
20378
25497
8686
1949
4433
5431
20395
2389
15250
4272
6223
3212
1356
1204
1321
1261
8968
12922
12809
0
1578
19806
3078
23510
19947
13329
1270
1273
1266
1275
1242
3054
5623
13830
9399
1725
16319
10283
9076
7388
10643
9091
3883
9677
2449
7049
0
6924
10402
4901
12610
3554
9877
11345
2944
6573
2484
2329
2326
2319
13605
11242
13825
8801
4540
12371
10211
1834
2637
15119
1043
9935
10691
14097
11598
11670
17662
7535
10058
11754
2783
9852
2322
2212
7942
0
6261
7177
2972
13903
5956
8266
17361
0
8037
13455
9746
2790
21334
4771
17938
14702
14576
7591
10100
24067
9321
9890
9094
10813
20905
4744
7133
18813
8171
19384
8880
30299
17615
11859
14320
3403
16821
1057
5454
1749
1693
4077
8999
17706
3681
3399
3773
3890
6053
4462
6185
6901
13701
1003
6738
23586
24650
1293
8706
2559
19050
24386
5520
21805
11651
3498
2663
34970
10233
17790
2558
3728
1699
5029
4428
4429
6642
3173
19137
8121
13227
2609
3975
6985
16004
3059
1537
6478
22122
7923
8135
19011
2277
2309
11940
17658
10648
30609
0
0
10277
27035
9875
13790
8069
18523
4380
3870
17893
11411
7231
15962
25810
3075
29101
1018
3694
15936
3312
6625
2624
4874
2911
9659
4405
8259
6696
9935
15118
26029
0
1572
2151
12366
2398
14239
17455
17123
18012
1919
19563
8247
10822
3332
5566
8180
7303
1258
1390
7637
9299
3047
15512
26613
3951
11062
1099
23531
5274
24216
3241
8237
6543
5066
15596
15177
15576
10573
1500
3165
2331
16619
9963
12730
1989
20132
11084
6191
15432
19034
15120
11534
15795
15291
18314
5413
2713
2713
13117
2179
5788
5207
13753
3854
14311
1938
18440
16822
20862
5772
18240
11088
18936
3347
3886
8654
4321
9779
22231
1222
22223
7879
3139
10447
5954
13997
9024
1820
19884
15466
11088
8767
1141
5556
12452
8652
1838
14835
11110
22885
7804
10172
14763
2860
11573
8646
1447
18527
15246
22482
9746
8643
6541
1329
2588
2585
7459
21581
0
10012
0
13428
7055
9336
3218
9464
3183
12600
5723
2357
2807
17924
11053
13045
5215
5101
4802
1697
6814
5384
1952
1943
1936
1939
9651
1389
11736
19313
30499
17751
4090
17192
17159
2587
17391
7283
1753
1593
1592
10928
1680
1651
1625
14092
5890
9697
13422
0
15680
6133
5943
7745
7015
2712
4320
20223
9189
4794
9003
11486
4979
12493
4501
23932
22230
4844
17500
7423
9035
16545
2401
2807
1893
29813
4506
13680
8529
3298
11309
11442
16213
21859
3768
5551
13755
14874
9979
14124
12639
13813
0
2635
2637
2617
19229
25934
17618
19915
8858
4457
13746
11888
10452
6225
6300
17295
12198
20769
7510
7582
16472
1124
1538
8475
5914
1323
0
22949
2897
24839
8889
10890
5788
7568
10171
9976
12805
0
0
10716
17837
6544
5167
1412
6319
2350
12026
13675
19733
15313
22850
9417
3801
19632
6692
8290
4050
3254
12225
10037
8027
6644
17590
9144
16221
8950
0
19515
5570
5562
19308
11484
1889
7102
9010
9448
6983
1963
24978
6122
2961
10620
17870
6834
3499
8519
16432
8110
1529
9881
6105
1105
18523
6011
6164
22446
10268
18021
22234
11714
20179
14062
13439
10323
23533
0
19595
6042
13795
13159
2562
9440
0
4467
6127
5220
10576
21739
6929
8804
8411
21723
