46
2374
355
6
725
263
1204
367
1146
390
225
64
23
5
99
32
13
31
67
9
6659
272
572
23
44
117
2729
233
1274
354
8
162
521
395
10
15
499
13
523
1012
1434
666
176
14
571
128
7
264
1220
9688
203
239
418
110
177
144
4
1028
215
4778
130
2225
1558
99
951
297
274
617
5937
385
164
2
66
1543
4615
327
2576
1168
242
46
9
673
871
11
236
248
748
480
36
1716
1231
239
567
459
328
1
508
12237
121
1
758
288
84
795
280
68
147
138
594
4136
5
86
520
5760
438
350
247
149
929
11765
287
190
241
6504
4
134
68
2110
2262
206
96
255
233
13
45
3804
1313
212
1590
96
172
789
901
231
144
69
351
4005
2
294
888
275
1362
2886
447
3706
3
355
6
50
345
31
1594
244
16398
65
33
621
152
273
54
444
257
3174
332
222
467
90
106
4183
3312
200
6538
61
6598
67
271
309
326
6173
55
91
378
571
58
192
259
126
78
1661
72
61
63
114
2
328
266
310
10
1111
102
481
112
2876
330
280
2161
304
447
256
203
203
272
26
10
260
399
9
372
636
423
353
5
5
177
1250
13
170
277
2188
277
130
559
1041
32
10
207
837
91
71
1166
2
397
3909
70
324
6505
39
1281
8
3568
106
113
122
10
187
625
53
178
440
261
294
422
69
13
1794
2
295
21
6550
61
185
2
10
403
114
406
2297
1102
353
1345
1946
85
12
647
6
292
196
125
1931
251
58
199
183
213
600
389
402
94
1614
90
222
4903
15
386
204
243
159
597
2718
294
630
49
164
340
584
504
392
2
99
14
181
69
2386
190
475
52
13
287
12
761
240
122
52
1270
347
296
258
88
65
907
96
2575
13
388
93
44
432
86
623
319
1874
9117
1712
220
8082
120
6733
10
88
195
338
649
8918
14
714
5308
305
87
86
2928
374
518
2099
1553
1410
1199
288
1
293
360
2320
423
317
584
47
796
1748
679
721
90
917
1208
226
63
13
2517
478
149
1456
41
99
3348
2
34
70
608
271
256
1468
361
32
360
421
9
323
41
2825
87
222
444
15
1
1
403
137
46
1150
375
4530
379
10
1
527
12609
871
615
116
317
467
7
301
673
239
128
560
488
43
1037
94
385
453
1576
166
9
312
195
350
386
515
117
577
424
462
57
252
272
82
81
6482
378
90
7
11
6614
93
1654
1685
2933
204
297
261
190
1129
1638
2947
1401
14
1857
1345
1
322
56
689
161
385
357
756
14
6178
105
14
209
1041
9
744
276
2411
11
200
371
380
776
276
814
4
361
410
648
803
216
546
598
113
14
251
143
404
70
1160
12
343
211
223
109
24
292
362
15
6990
346
3
1424
1738
137
213
2989
789
229
187
178
197
180
66
2397
589
1237
227
1090
168
226
15664
302
178
198
251
205
42
6560
2
307
289
2
1780
10
629
204
1388
14
235
705
298
1169
7
250
407
133
425
251
13
1076
58
45
715
1062
900
151
180
16102
14
296
464
328
420
288
457
144
445
8
43
2694
808
973
11
10
190
4389
7
10
2
13
442
211
33
510
327
1396
283
92
309
2100
625
418
1811
14468
424
1854
272
287
49
328
196
712
12
198
3718
343
315
15
56
454
129
42
65
52
207
52
4540
321
7
854
4569
429
290
477
162
326
158
316
37
4
177
3166
240
861
12849
336
907
209
34
13
359
5711
93
162
460
276
4125
11
1245
1345
418
416
318
323
352
61
2205
1124
138
210
1056
75
88
58
16
389
228
259
38
100
290
368
343
2145
142
218
50
11
63
380
219
257
269
299
168
994
5
1209
239
1732
90
24
109
40
93
713
92
1320
61
51
60
5417
608
59
41
178
12
41
43
3
65
2
642
330
18
2
806
3029
3823
7
318
207
11
199
5108
453
154
805
313
1593
109
261
4532
6573
12
7131
345
462
850
343
82
133
172
12980
366
12
738
91
6
6
3
237
925
50
254
43
820
768
241
329
190
135
321
4655
3
172
170
146
5
353
8
7
752
3272
379
49
337
9
239
58
908
386
432
207
39
1
12
115
377
15
382
1845
993
125
2887
63
135
192
3524
368
35
126
2048
5021
136
514
271
143
1513
301
278
276
384
379
2107
319
1706
568
13
5563
187
10
151
72
292
2837
84
256
219
329
393
780
323
1
67
4
2186
403
560
96
228
2169
122
45
282
376
213
72
330
1475
725
7
1003
134
6
3700
265
16313
15
333
902
118
136
43
4798
273
2425
4736
442
251
12
254
229
121
183
57
198
359
223
3
7
360
467
135
403
72
12
58
3095
819
495
269
2371
4570
293
4000
4430
588
2070
104
92
395
13
1067
196
881
1040
259
44
254
4
4992
2
50
85
52
30
13
396
344
185
550
835
92
59
741
33
4
252
6584
10
6194
416
52
447
627
64
105
4041
6
1067
10
205
43
2891
132
1653
301
165
284
4
467
12
291
12
40
181
31
2821
357
457
236
12
159
7285
373
491
17
6
74
66
8
1343
214
14
261
5
1024
7824
3366
55
3143
424
409
3
46
20
690
8234
7253
9
104
4
246
52
283
198
227
67
2137
161
4184
268
317
2
727
2
1151
40
3
2760
114
1221
643
715
470
376
328
1
213
489
7112
9
1405
4
544
370
11
182
273
6418
1502
475
55
995
122
464
8
87
67
1595
8623
936
418
127
1425
297
8
1056
6426
1229
14
1278
639
1800
204
5
220
242
2321
199
2
98
1644
57
7373
361
4
551
167
9
78
67
5
2603
299
342
195
134
5673
336
470
1540
2161
236
319
597
42
604
2723
51
278
5889
2914
163
5536
6472
5246
273
107
872
346
1292
377
89
327
372
2
233
8699
1485
61
60
10
40
383
76
155
413
1055
2375
259
498
2174
522
54
649
11802
5186
424
2630
204
388
61
76
388
80
762
656
16
6738
31
66
98
205
225
346
200
2600
2160
177
549
4270
407
395
9
1734
185
455
93
2339
403
35
116
7817
324
123
1022
353
1409
10230
98
85
10
45
380
8971
558
147
279
4585
641
85
5
204
1734
307
14
4111
832
1
955
978
250
60
761
836
99
641
31
542
66
4707
188
3171
604
31
364
281
191
322
1231
1608
5
6668
149
9
120
182
3292
63
208
14
168
3636
2111
267
220
606
134
5427
191
97
1375
281
267
701
94
570
1151
67
11
1147
10
64
637
238
1960
210
2615
9175
138
8
35
147
100
2150
77
7
14
51
2078
5714
11
7334
36
5
124
643
8722
90
4123
2263
1815
428
116
321
262
79
56
2175
73
349
10
352
3455
155
6
299
259
40
6
2749
3
118
8
6
548
563
174
11
1906
17
375
747
7
13
53
2263
7126
2119
1761
519
339
8
16
11
13
11
8
42
370
1537
1614
159
350
8
6
2
63
27
1460
1189
6062
82
2548
187
160
6
507
6
2183
215
364
297
51
117
263
449
324
57
6
11
202
14
288
11102
632
178
12
158
825
99
12
98
200
567
131
52
379
144
13
1685
940
183
53
389
1820
6280
527
140
6
292
650
7584
3906
889
153
67
90
16441
100
83
2694
78
570
153
30
114
510
3196
13
136
86
37
45
1560
68
65
715
776
3629
65
12
101
1196
331
120
137
2165
50
1080
389
3495
11
51
1473
549
4879
85
3344
2937
765
1
15
65
30
995
165
571
2943
110
14
151
614
3321
51
316
112
47
336
259
105
1106
11
51
11
8
5155
74
1637
170
154
66
1224
52
301
134
334
1929
4528
32
138
14
10215
2432
122
300
381
10979
45
167
6296
87
2994
13
88
267
1941
1
12623
324
361
57
18
182
56
1276
6
282
238
553
43
130
7
496
7
7
65
42
11
8
428
5121
260
233
233
545
1981
13
603
178
4479
193
519
2
14
16
5
141
270
902
16458
1655
14
477
345
1307
43
233
200
3792
147
800
14491
8721
7029
61
1517
102
63
167
358
285
345
61
122
58
875
4436
29
4
412
5
572
1635
32
291
169
57
279
339
3332
1959
253
441
11
11
3094
12971
177
100
301
618
251
15
401
141
260
143
13
75
650
569
324
97
6366
46
133
649
232
1991
528
41
5537
176
60
3
586
185
14
1028
4
1350
6
358
104
12
192
13
55
456
8250
161
449
170
897
3413
117
258
13
697
143
277
486
9
407
650
94
86
5606
2143
2295
47
58
11
409
416
1029
9394
70
1177
141
4041
888
513
329
125
423
529
878
34
6357
3118
4718
34
197
55
361
416
74
527
7156
241
2813
3192
280
15
2593
7825
4
992
4466
485
70
5
99
15
35
41
7882
187
963
14039
39
5058
358
72
2881
284
60
87
3390
236
2981
596
234
13
613
934
9
6
624
4595
265
7
321
48
2760
119
1
1028
15
240
335
805
85
2767
1896
15
305
297
52
118
2294
431
5
18
534
78
355
115
14
1212
131
862
2280
1438
49
227
405
1497
405
350
1217
293
282
6228
928
3500
1065
4432
1
7808
130
2072
1209
111
308
361
97
2
151
61
2314
1290
12608
2
733
2915
485
13
10
12
295
7
1602
3297
2066
1516
98
227
657
3
781
376
79
397
452
503
77
1136
10
232
3033
325
15
10
3
5250
1107
5169
945
126
129
114
12
2
4054
34
1
37
3417
208
1087
311
48
1745
6862
78
4
118
28
2
139
477
390
5
163
6
604
1
248
110
3672
464
7
9
7
83
10
6591
40
11
4309
309
48
3099
14
588
94
507
1954
248
11
105
90
164
331
51
95
169
41
38
369
272
94
74
1354
5
1156
10
345
6471
233
245
11102
329
30
29
59
58
7
5351
114
59
23
122
190
52
4756
88
70
2033
765
284
13
12
480
628
430
290
3266
5
50
1102
83
7
1183
39
54
171
310
15
1377
1186
9
9
123
219
93
79
80
86
621
230
3164
57
2466
704
294
43
11466
2
4150
3537
1759
259
1845
623
1099
7
113
180
7
79
8330
1056
4484
4544
104
72
2450
60
2338
167
13
15
299
51
13
90
89
88
475
132
63
2556
9
9592
628
244
1
68
57
23
110
40
22
89
2598
857
69
265
2266
343
110
68
162
7403
2807
4144
286
12
9364
612
155
12
271
22954
301
109
12
6345
53
38
71
11
293
816
91
32
50
8
34
205
144
755
241
535
4596
346
8868
229
51
46
8
647
87
15
1739
468
149
4389
3244
118
114
725
217
13
191
2416
90
2
2959
120
899
1613
7
13
15
2639
74
12
74
292
599
56
99
3021
728
80
166
997
173
41
6
10
253
328
385
10
8575
33
13
9963
82
161
19741
645
64
152
266
115
98
1758
7291
51
64
191
13210
5
8
4129
134
219
337
86
18
10
687
90
15
6581
116
284
2691
3
4
266
4509
14
272
14
217
219
11
14
70
163
7402
166
445
589
5
493
104
58
7
39
44
1700
46
565
603
628
1037
539
132
75
56
365
109
180
93
167
203
51
132
474
489
111
2619
73
77
3209
39
8
171
48
246
3275
378
357
426
11
561
67
457
39
8
2113
208
47
3339
63
4
41
210
41
1305
70
468
5033
8
6543
504
463
184
63
207
16302
135
518
3850
198
96
89
1
4
9
6325
612
2855
443
35
55
117
255
196
5038
319
433
234
1090
658
912
4
1689
132
568
2247
70
40
1219
302
71
305
4713
73
181
194
8300
325
201
744
2361
4
118
431
18827
43
1771
21190
1363
801
7
3393
2927
220
114
14912
10
86
70
14
115
664
40
1183
10
2
178
67
198
136
34
14332
1557
242
416
10598
123
722
322
5858
69
339
151
64
430
63
71
1292
128
73
3
12
135
10557
65
62
39
4708
353
70
238
205
187
1691
194
2222
399
1219
340
2181
375
237
43
5528
47
172
74
2
579
5014
7987
29
2451
222
5249
297
1694
209
267
10
265
158
209
70
112
135
291
3816
39
47
20
23
321
454
325
663
245
389
426
1452
808
48
1342
4757
4
134
990
1534
1073
11
232
117
1475
1608
370
5151
575
228
340
8
205
64
235
896
64
59
58
678
344
79
1547
131
1434
2868
46
6
9
123
768
1188
6
12
2
250
229
681
10202
443
8115
494
91
97
81
269
130
2492
191
8
123
3
384
191
15
1634
46
27
10
837
15
129
252
1317
70
306
228
350
350
261
485
96
29
306
729
96
38
96
685
423
9
111
37
1100
6947
8
1148
2
14408
79
4839
204
400
40
6
412
243
238
44
94
634
327
372
321
191
47
49
121
32
709
47
621
98
706
192
343
138
270
10
384
2658
4886
328
9
303
103
5092
2
40
6
28
8
53
364
9
57
516
69
263
1559
96
117
2607
400
45
2106
221
80
1362
1433
202
13
1725
3106
8
439
170
447
111
6366
246
2380
50
1203
11
340
261
47
2474
129
81
7
3209
88
78
100
28
2546
560
78
6377
86
2883
390
1036
234
62
96
36
81
4613
2826
291
1009
349
561
13
8
8
230
1662
655
107
3971
2648
124
216
296
93
471
4349
483
14
230
235
11
349
392
773
10
76
110
336
5027
54
627
2
50
11
10
5339
480
172
1493
154
257
272
1173
844
49
655
166
150
276
72
2385
200
3720
2399
515
42
85
71
127
722
29
63
9
302
78
106
406
14
130
4906
28
91
1273
253
231
48
31
397
270
1700
183
2064
262
15843
133
85
650
684
1506
245
2
72
73
12
263
226
73
199
211
574
60
1332
78
214
1595
6
519
586
149
12
5236
137
219
46
11
354
36
5896
1
3032
115
69
229
71
6
8094
684
300
780
611
79
237
436
57
3211
1303
196
862
80
12
4968
83
4
3021
143
15
2778
451
953
1180
184
87
686
157
2497
117
64
249
339
2653
28
96
10
606
112
3364
162
85
11
98
11
9
57
128
296
49
235
216
1383
3
7
367
66
46
583
173
131
436
66
461
63
498
2626
454
823
333
3191
1723
99
643
115
55
281
178
38
361
11
256
99
113
128
59
337
3223
957
484
483
136
207
175
70
160
94
171
59
92
78
108
8898
3838
2034
46
157
87
36
7763
273
281
62
84
422
89
1
8
190
7
65
2527
580
1
89
1987
2667
131
183
53
4
6755
10
1506
61
5328
15
210
50
634
738
300
1178
3715
1560
189
1894
452
63
380
3418
2642
2
40
25
927
398
65
772
738
668
8
464
223
3394
140
800
45
2065
200
117
1021
3
360
8
379
985
39
7899
3688
110
3
362
49
280
1297
7
55
89
216
69
1952
632
212
188
262
427
697
52
11
8944
56
43
63
1513
77
13
529
141
101
5
11
6166
312
4680
247
290
114
252
68
14
58
5776
196
37
110
399
372
700
363
505
473
331
4568
95
764
347
13075
313
53
3
995
10462
1664
10
46
709
2519
59
127
9
685
4269
13
573
219
36
187
406
4883
90
209
215
61
683
66
49
169
95
7
59
103
1875
235
277
124
323
2103
40
57
14
8
571
613
541
15
4
393
894
78
759
209
92
247
249
9
6
5534
1444
19
74
96
53
1239
53
77
3738
1625
36
795
161
535
37
198
378
134
231
1230
14857
312
101
906
86
94
1184
239
15
90
2210
238
8427
546
11
9
1180
226
14
1167
4
148
61
121
243
269
6563
831
248
393
83
73
306
49
662
53
215
2389
186
230
340
83
297
88
390
4
291
284
88
286
364
257
660
88
13
2867
286
255
5515
1886
128
9955
807
177
139
15
2126
12
68
5687
201
94
2006
4421
191
48
454
266
3214
253
66
14
215
127
6651
625
272
176
312
4163
2825
2857
109
3307
2
1
2
1
205
285
3587
56
68
85
86
1007
10
33
2480
789
5
58
5
2266
6
931
1119
263
617
58
322
48
95
351
45
45
5989
668
6454
76
12
147
103
2567
264
61
387
459
342
66
211
887
69
356
3563
10
86
4084
75
77
4544
148
1742
93
208
108
320
7
1246
3001
285
257
45
1916
217
69
15
798
60
149
85
495
108
951
15
225
26
2689
137
542
188
1061
3
324
74
79
123
494
206
32
319
589
203
55
104
456
795
45
66
1
90
5318
117
1042
758
97
862
169
209
7
34
180
842
2524
142
16
101
4
94
3
102
853
2202
70
134
40
121
11
82
43
4825
41
2614
56
2558
1901
3
189
196
89
222
309
334
126
246
72
106
134
73
4572
651
4952
5
79
12
208
651
2138
47
126
271
412
286
4299
7
883
493
358
205
269
124
3
577
555
269
10
2
3652
426
280
3733
4945
353
90
1296
2550
205
149
3872
37
1528
8
54
84
93
13
313
34
6106
210
58
260
10
1196
1485
762
203
328
11
215
935
12
87
118
14
211
261
82
247
2006
9649
3440
303
101
120
39
701
36
185
302
43
14
88
115
470
190
3
117
19
537
6
13
2299
163
3
345
177
2453
1196
7
12
5
3
38
13
12
150
8019
43
269
1134
2191
635
494
2240
191
13
93
67
209
362
40
82
315
15
84
10
217
99
1091
13
147
132
9
309
10
264
60
132
2443
410
13
4404
105
87
226
350
44
3713
71
46
455
355
1959
3535
157
136
60
317
1643
6647
159
276
1060
62
98
66
66
12
8
350
204
84
34
12888
472
253
236
11
510
44
186
620
101
3997
56
46
2622
5475
41
39
74
81
2041
44
79
92
529
286
726
1346
277
296
3966
6
2693
1
2382
571
395
16
332
1102
2211
5416
241
223
82
1751
6198
264
4518
302
830
4171
986
229
181
3423
421
529
2311
121
756
5720
58
52
485
412
105
154
1253
5769
1149
50
1470
245
8
379
4141
7
59
53
75
1950
39
10
229
10
2002
337
5033
96
113
335
314
121
310
380
401
107
7
66
35
1100
138
176
36
28
54
202
427
106
397
135
2
18
242
268
275
5421
10
9
58
30
572
867
8
41
88
168
237
9158
64
571
113
1541
306
9
325
1
81
208
13
2019
432
726
9
214
110
157
468
182
150
532
39
496
119
402
10
150
32
224
1286
277
755
1639
192
88
1041
88
2
2777
1129
462
2068
179
2
9
111
37
12
12
2789
71
6975
51
8
79
152
57
6
804
356
154
9999
69
180
174
96
236
1526
1450
253
629
1101
364
132
9
132
146
103
11
232
173
151
12
82
15
52
724
203
844
8
39
40
380
376
183
205
11
66
8
119
36
4823
3442
1016
816
285
76
338
1885
60
298
60
104
6544
52
155
10
745
394
379
47
2871
43
1313
541
2803
70
394
14
3
3
6
59
229
93
206
882
907
386
46
4557
219
102
384
3124
99
37
294
185
1795
250
479
62
93
212
294
8
1
472
6230
103
189
318
340
13
15
56
2151
2419
98
9
3649
1772
172
92
9
1882
232
638
1338
224
58
185
354
271
289
830
55
303
266
78
6791
2271
5025
48
77
1150
328
1276
661
79
101
233
3764
79
2908
685
1264
101
2
353
1777
168
3466
13
9
715
123
160
75
260
198
75
309
340
4
4
7
102
15
85
604
121
312
302
7
1753
4
77
227
1815
5574
223
8
140
72
50
4
119
2075
372
34
39
2520
387
1226
8
548
927
1957
1681
76
62
4599
1317
15
60
11
607
328
432
130
337
7155
571
3546
180
10
92
449
279
52
314
226
2076
41
86
365
3
6096
90
800
8
3
75
264
49
5
1742
1010
204
218
15
848
189
13
3523
4290
2312
2617
11
37
392
244
222
11
3859
6879
88
246
76
1223
82
2542
9
9
9
2879
398
520
2324
1680
250
5278
122
2984
959
5
41
4
68
94
166
204
333
1652
695
418
396
3961
2046
3063
6764
212
331
3340
467
1472
1576
360
39
650
13
780
81
1555
11
44
423
55
9
54
206
46
1322
4666
9
9
74
328
358
549
42
270
138
63
476
356
7
215
87
84
144
270
621
257
475
1089
211
829
1133
65
14
87
2516
3897
564
1
275
145
147
10111
14
406
2528
361
1470
9
320
63
157
255
651
294
181
228
3534
24
2006
61
2411
889
272
156
251
384
14
13
3158
100
8876
5
1182
15
5953
85
14
467
252
4550
197
32
70
313
858
49
680
46
45
2332
9
12
230
5419
155
1
1161
14
385
1456
2272
374
3749
552
473
375
719
268
373
50
241
3132
7184
8
296
45
1377
34
183
5908
352
74
923
7700
11
108
5
213
258
349
1
12007
70
266
25
3112
28
67
7
61
916
10
2720
515
125
320
13
313
53
172
1136
3881
456
1169
12
88
78
2221
84
363
786
8899
308
151
450
669
216
6682
74
200
3161
6
70
15
202
99
9
147
16159
103
157
13
1538
764
77
3257
433
568
64
86
15
243
2059
300
2814
529
15
362
351
40
1209
80
3420
117
329
9
2388
67
106
82
720
51
323
11
1
649
92
117
85
12
11
5
3589
1733
69
8
353
6
48
84
261
121
213
6
165
1973
1225
268
289
87
843
13
9
92
537
2653
9
142
51
5
56
67
68
199
709
1619
12401
4816
572
4658
9
378
324
1116
109
67
846
237
2073
1979
527
330
4192
103
353
87
175
10
14
1010
239
10
2939
2382
5
10
141
359
10
15
258
124
215
2136
291
300
113
10
366
45
445
257
853
194
419
254
1909
163
14
12
10
105
7
244
2
10
48
4273
182
641
3955
6
437
13
2
183
1646
308
687
1424
10147
8
359
782
386
11723
39
3028
456
69
290
272
285
139
566
230
12042
12
2976
1149
88
467
791
3670
2664
106
2715
49
78
480
1249
199
61
123
443
1179
38
535
92
10
365
9
14
9
722
8533
58
18689
15
257
471
74
221
29
2031
2158
400
185
10
646
14
7
390
1723
781
185
4695
41
331
362
623
3414
51
3857
685
828
1138
80
12
124
574
690
15
211
12
426
8499
9170
94
1137
10
274
14
172
73
233
292
6498
392
4
480
292
2
4481
631
1982
5450
212
101
11
75
236
3
1759
14
1181
931
2109
3741
1646
606
70
12
1120
2748
1196
311
10
12
32
6
58
100
4
9
521
81
532
441
223
169
371
390
568
1793
75
684
102
152
47
128
1585
89
113
222
383
303
409
2361
1456
2794
12949
159
313
110
307
690
2666
329
93
26
149
24
410
156
585
457
52
11
105
772
4091
375
406
1594
5
49
2355
656
5097
4
80
106
67
158
5
46
446
15
4
3
179
197
276
90
5
435
265
311
15
193
101
2755
8530
218
10
139
11
988
32
1348
135
6465
744
343
221
253
5100
204
3111
991
130
1747
184
639
56
15
11738
143
43
45
4867
3
745
1235
12
67
2424
190
346
238
33
79
764
438
442
178
41
236
229
1523
15
379
186
1928
355
252
68
190
216
362
717
7
66
7
112
304
152
1947
53
7
188
14
444
441
312
13
75
309
349
1165
12
235
292
13
47
3788
2944
53
36
166
57
58
114
12
5
1
499
15
329
233
2
9
2
7
3
11
61
13
1755
10
10
138
703
58
456
12
40
318
269
186
1209
48
225
348
164
374
851
389
138
98
165
65
113
3072
427
6
102
5064
754
42
39
77
94
263
1
135
233
311
1746
48
967
76
2228
795
14241
40
7601
138
49
1468
1058
3
123
352
3543
2068
556
14
12
16685
302
652
281
5
3452
9300
64
15
2427
2098
2592
120
512
10137
365
757
63
324
3154
207
109
8
12
62
60
89
174
137
223
92
3135
45
66
108
1137
11
1045
279
5304
142
5487
230
1575
3
1907
732
525
5823
102
1
384
196
312
1271
238
284
7655
455
251
599
100
121
295
104
529
1975
272
9
4897
289
2479
66
1928
313
65
457
6090
351
22035
865
68
160
5
39
3480
13
1444
94
69
968
12
88
66
736
927
676
48
778
321
342
176
9631
1453
105
43
4
6
111
313
952
5169
40
708
8
10
427
125
137
3271
69
2795
551
2021
9578
702
14
4
43
11
1000
106
374
411
9
257
51
86
550
118
1266
342
8
1269
65
1268
77
1346
1636
133
46
10305
123
261
395
506
2373
160
24
246
69
11
1
606
487
350
170
750
60
49
57
3
14
4
90
7
19
1825
279
970
6366
41
164
1883
51
212
341
158
54
67
157
101
12
47
198
2039
9
612
5
96
11
4201
1548
6568
1631
3609
469
343
7094
12
3669
361
231
9
265
127
190
1346
167
10
454
59
52
537
64
4
3
357
14
69
1320
185
91
180
113
609
1550
12
526
89
55
43
8
83
136
708
4
1193
10
10
252
417
1280
452
240
448
58
14
1444
106
40
328
211
460
15
621
383
1368
3248
552
198
179
2056
68
250
335
11
2249
6677
46
247
52
65
2950
14
454
62
119
425
520
87
135
101
219
380
1163
1095
2233
422
411
51
148
72
753
14046
2
3896
21
5156
10
734
15
3783
13
34
481
197
4031
488
13
2932
311
194
1536
194
56
13
4936
167
70
872
1197
362
22
421
209
416
208
468
4697
367
12
233
255
2183
101
67
3043
677
2981
9
35
1143
5090
6116
2735
198
613
294
185
65
1990
1902
570
229
288
82
6483
113
703
498
265
157
205
205
210
402
6
254
47
46
4932
2
83
1235
138
868
337
131
119
348
2481
74
1442
133
46
685
2253
77
44
115
9
5
145
2481
238
96
154
107
1766
789
3479
2377
2345
547
444
2138
25585
251
309
254
776
7
10
116
76
7141
109
82
4
125
47
43
147
11212
1946
243
60
95
276
230
509
73
7
434
1958
5698
67
52
146
68
54
74
267
117
196
523
1
12
14
444
237
103
1101
12
98
82
1081
14
12
1731
8895
4
7
12
63
1081
93
81
50
8
2774
13
5
13
1516
14
717
93
96
845
219
63
1315
616
1796
107
6352
10
238
690
192
315
1914
64
622
9591
1849
81
198
264
147
3
139
273
77
44
2
1433
72
1341
422
289
2005
2871
169
30
32
255
2446
208
14
49
451
242
892
706
109
51
806
732
284
9474
478
6569
167
325
1459
594
6023
563
11
75
129
8
257
2
433
386
10
164
150
339
627
1901
52
313
4854
59
445
1560
202
102
5
2440
498
529
140
11
1359
14
445
499
1
251
13
4059
2
13
94
5
96
2520
1648
433
1219
2
181
395
142
225
4820
296
361
8
227
839
5
1048
33
327
1643
1252
15
169
41
10
47
2909
44
11
1198
15
6737
38
23
3159
334
230
1075
332
788
2448
7
18
53
8
10472
465
634
1156
216
216
1288
184
7580
413
3789
5829
333
165
383
679
54
127
123
244
1558
13
4
530
231
164
191
1957
82
41
78
8
64
11
2267
146
14
912
12
198
141
54
14
12
38
1247
13
2242
273
490
118
1513
349
285
3336
113
8
75
1247
97
48
88
1519
13
241
356
311
2308
1342
64
77
2367
162
1643
444
14
1621
311
4527
185
147
45
2505
2236
226
5340
2214
329
15
2179
41
115
6
61
92
350
254
68
14
63
12057
60
1664
775
5590
900
176
92
4148
1568
11
291
40
71
193
2617
173
68
116
229
1401
353
3515
2522
68
314
83
326
882
320
37
468
206
1374
12
103
224
135
889
66
12
64
183
15
116
1532
2892
229
10
1769
31
15231
203
215
14
626
240
92
791
76
272
61
410
74
317
1473
5801
466
377
56
410
51
127
2207
47
4
284
15
3673
1492
279
824
296
132
2525
326
1007
232
12
1069
513
15
280
677
382
416
3
352
352
272
7
544
807
70
72
1860
133
3479
1791
55
196
266
339
352
92
654
10
255
15
523
2506
9
72
639
81
7
7
806
2654
1178
199
1
35
42
2170
619
382
8918
1417
233
280
30
3
107
123
2795
4
104
5147
4330
9
40
128
539
13
79
70
97
372
2468
344
338
278
13588
361
78
8874
2782
13
506
33
5181
77
132
170
130
373
107
14
8809
301
25996
132
320
3775
5
47
353
53
136
288
4
272
585
77
622
130
61
816
11
1622
286
24
77
190
12
1
3673
13
1
14
2181
499
479
244
327
115
297
1722
11
256
358
29
55
141
2095
1117
248
85
5614
1010
10
8
13
206
77
529
1869
60
14
123
89
70
9
1382
55
180
244
6
91
63
49
42
574
413
275
375
569
5
121
15
173
219
68
249
218
176
1705
460
100
722
230
396
2
30
493
1
51
52
70
10
162
279
8
128
163
1087
195
25
74
2026
140
57
435
885
60
342
3972
1094
82
38
6644
3
6
4751
7
4885
345
135
158
449
215
45
146
3469
92
241
3315
792
4037
5163
325
2284
29
4790
2
71
170
5
1
317
2159
387
777
7
6
233
79
2
327
113
2509
9
1360
158
1
11
39
120
121
922
139
825
173
260
1594
4073
240
3478
57
9906
82
3688
246
208
431
3750
335
245
41
1220
253
3101
8351
1140
50
7
12
140
362
244
48
217
255
620
3
3453
150
2
454
4682
542
334
32
214
77
2
5
91
70
536
158
249
345
267
207
1867
36
1410
300
68
155
1073
71
4656
261
432
321
4898
182
3810
562
79
12
266
859
362
3285
342
499
2512
5715
144
364
6757
263
11197
13
11
10
33
13
3649
311
15
1305
14
2481
179
232
1107
70
622
8639
6
505
350
341
396
277
711
1560
85
13
7793
833
11
2
14
163
12671
96
117
315
12
12
211
78
563
303
383
214
151
311
5
1745
10
152
4448
129
908
811
2713
545
4512
1520
64
14
18
5
8846
207
907
1995
10
4
364
301
329
47
10
246
55
557
14
374
1
59
8
309
779
414
1423
40
631
163
172
589
5573
3732
149
10
604
1
11
4
3174
98
311
646
4693
303
1915
930
65
570
476
5
12
586
6781
135
59
10
192
10
4645
84
451
129
277
49
3045
235
141
562
55
348
615
964
290
72
30
2621
1
64
304
170
478
9583
540
70
260
2
260
75
250
229
51
481
123
327
2481
172
242
6
750
49
4152
314
10
5307
6
228
363
135
1149
404
555
2
15
499
39
150
55
603
420
58
10
30
74
5
396
570
1191
71
647
81
303
489
254
3337
283
420
318
60
14
1367
1612
274
2279
543
54
13
1
9
33
298
12
3359
9
14
187
320
42
1081
4640
1160
862
295
318
6
828
142
209
7
64
241
93
1027
425
268
455
47
2091
7
587
1749
129
4
59
92
593
491
12
229
11
126
111
263
57
574
194
48
561
4711
59
37
485
143
2376
109
451
8
375
5
387
53
470
195
331
1148
1753
113
65
304
3379
4
5256
290
582
964
485
687
48
5524
684
49
192
8
83
413
294
12
42
240
52
152
83
11
6
58
331
7544
40
446
336
277
1459
210
15
106
13
3
220
78
126
117
424
483
2
307
45
309
635
53
10
1573
6237
15
162
857
5
209
78
7
255
202
200
994
3115
94
381
8
40
56
70
4664
158
8
357
540
1007
119
9198
194
797
9
10
87
51
116
15
320
251
425
4
380
200
420
165
347
52
555
3626
12
66
3
678
15
2626
92
9012
13
14
10
6
100
699
1876
4152
5458
5026
149
408
576
862
120
14
9
10
1
1
72
477
132
74
3
426
2826
11
372
213
1995
69
388
310
24
84
31
15
4811
6111
3
5027
14
54
4146
89
5011
462
15
359
87
252
7
7
5
11
1233
367
4367
247
5615
344
56
1035
138
4645
9178
36
420
1737
178
309
190
6
145
54
5021
391
7
37
295
40
13
5139
53
61
76
115
12
1
470
152
213
455
1005
560
386
442
4156
578
147
4
45
1
9
10
13
10618
113
199
3283
1998
565
43
106
6675
369
38
402
223
2415
34
70
65
9572
3867
13
77
362
2910
1
242
553
326
404
438
914
15
1806
453
212
4711
1510
3
9
9855
2862
1401
293
10
464
298
3
600
13
9
348
331
3887
53
399
56
1784
192
655
69
632
2175
13
259
314
280
14095
10
596
711
1954
7044
304
1251
207
5318
356
2549
1849
354
209
1981
5830
13
279
65
6
753
993
297
318
138
703
8569
73
7268
3191
591
601
104
3401
742
474
68
44
411
11
260
6
259
231
57
5
2923
1266
2362
12614
97
1794
84
161
1161
1165
279
4184
303
112
462
487
253
884
3
396
345
258
15
2937
65
938
48
359
230
268
175
496
370
4043
5583
50
256
55
791
369
31
1501
411
344
262
195
541
1059
323
146
209
54
5
403
168
574
1930
1576
208
12
1
6
1
508
242
2141
208
126
286
3
7
10
15
4
8
10007
1513
296
206
163
92
5646
9
41
112
673
66
761
1590
3397
39
5
91
64
809
121
95
773
255
1403
1021
363
279
315
6500
87
198
455
624
73
193
412
796
221
869
331
96
2571
173
2186
301
9957
11
532
115
511
638
475
426
498
63
14
9608
10
567
6
14
2983
440
4507
494
6
1
601
1362
867
79
10
6
7
184
3
612
44
215
579
365
285
6
76
481
5544
3089
9
4
58
139
6739
1552
385
3
14
224
830
497
3364
397
247
188
10
1257
56
421
654
735
609
12
458
310
120
1464
620
187
79
620
295
399
107
139
279
705
56
4204
203
13
503
697
153
15
131
150
1721
3671
261
52
57
12
99
236
1111
605
5839
1
1758
4361
98
9
151
3
84
470
1829
333
1353
54
594
384
119
7211
361
444
307
5215
42
914
78
120
12
222
32
3634
166
88
392
96
76
213
460
29
1106
454
7155
3
128
591
252
532
1404
221
8
288
75
188
211
2500
256
76
245
319
297
886
13
228
11
10
11
369
116
566
253
65
522
13
373
211
191
15
1266
13
104
64
273
309
157
423
134
9
370
238
509
147
108
11
2279
89
125
232
12
52
373
12
2089
291
58
8904
589
6
391
470
5060
79
396
42
320
302
519
611
259
159
196
2229
222
152
14
2317
4142
471
3
13433
3948
180
391
187
2750
318
80
231
101
3626
10
4742
346
132
53
3227
4395
287
585
522
1222
453
9
1464
330
103
851
366
334
240
70
5334
242
2466
2859
1966
3544
10
1885
316
11
14
7
298
521
331
4
61
545
135
33
49
66
263
219
391
130
88
7
73
228
402
204
201
106
424
259
110
278
174
774
153
130
12
324
322
387
557
39
81
186
11324
13
379
1350
35
749
131
470
1173
390
527
232
264
80
1610
271
510
309
1256
284
163
1399
1545
158
165
166
564
160
986
257
306
225
12
196
2001
143
192
194
558
267
2154
125
3264
175
435
329
3842
680
275
272
519
39
4539
13
332
841
1085
55
103
36
350
1282
239
2636
697
1825
398
532
15
2362
10
286
4840
120
293
275
441
9
13
98
128
417
463
380
5411
389
243
381
680
119
300
291
9
8
355
714
53
522
446
221
396
230
449
4974
342
144
1000
245
281
714
2348
6
351
287
5898
2438
341
