5907
12207
26424
12724
4582
22124
3896
12910
8709
19719
13850
2435
2497
2502
2209
13360
2007
1993
1818
3203
12733
5823
7108
20488
18868
1072
10761
13346
4185
2398
5954
24155
4840
1487
15027
18120
1659
2387
18908
8611
3977
2597
2844
13483
2149
7205
11706
6990
13499
10558
7182
6329
7652
6342
18631
1096
1038
1084
1350
6697
1403
4410
2236
9931
16040
13173
8125
17033
18427
4123
3541
10016
1546
1886
1832
10819
1452
17778
6846
17641
3095
1317
7875
3151
15566
1960
2367
15095
9931
7596
2781
2413
6427
10431
9978
3421
15717
7490
13654
14200
19786
2098
11038
3264
20871
8623
2362
3368
15109
1499
2916
3818
3362
3150
14542
16627
16868
2639
7301
9346
1913
3777
5543
22637
5128
16295
20887
7361
13969
2867
2761
6471
12322
6968
3120
6897
8932
9722
1341
11435
8796
13300
1136
4064
1617
2726
1625
18553
18558
1582
18784
1950
3454
3721
1779
2958
2587
3004
7418
18949
10411
7897
5968
7110
12709
20639
20882
6621
6853
1684
7523
9171
1160
5346
7001
5832
1816
1758
11129
2856
9488
20061
11804
7156
9202
9887
4506
9505
6623
14132
3015
4490
6250
4269
5436
7307
2513
1391
1815
5467
15088
15976
26865
13405
7523
14796
3188
20299
1474
1663
1641
16908
1687
2528
7475
10922
4690
23081
1743
3831
1158
10562
11078
2314
3107
3781
8857
8721
7318
28623
17102
2920
10259
19657
1720
1629
2704
17898
2769
20200
5778
2149
4292
21716
3047
3074
18491
17230
2147
8049
7772
4366
2846
6110
4569
3223
6132
1488
2283
1803
4273
4703
4844
3193
10009
11836
6140
1254
8555
6031
8866
14717
2379
2792
7601
8446
6281
6558
4787
7514
11250
10853
4859
2272
1829
7409
3604
4479
12587
4823
10882
7168
1497
3677
4101
9667
3458
8839
4730
21592
5881
9610
18940
1029
6093
7358
11490
5952
5578
27071
1191
3584
3701
4758
6486
21418
4510
2102
1763
2030
13603
5703
16332
2585
2777
2001
3332
4653
1659
5483
12852
29549
2137
2133
11338
2488
5641
11599
4773
6454
8395
38507
1469
13120
3334
4374
1747
19820
6032
5897
18049
24930
26350
15100
13559
2410
24709
3569
2758
2485
2406
2581
2482
2352
1095
6044
15479
6708
8867
14488
10555
1623
2416
19337
22556
2407
10282
7164
4583
6286
13269
11951
3508
3548
4692
4356
2752
4351
4608
6462
14553
3694
17381
12294
15410
1192
2474
13642
5184
1302
1541
2366
8901
17118
17893
4615
7912
16920
23173
14612
14643
6522
6504
11417
4390
8181
7730
1309
1679
1805
4315
5515
2005
4873
7689
9379
1710
19346
19418
5456
18731
7959
9844
23127
14296
3075
1910
6270
10416
16824
4691
7178
1569
3704
4188
6249
6945
3992
12683
6965
1179
3507
1950
2025
1679
5122
1868
4757
4804
2615
8164
1927
5491
13904
2877
2645
2830
6077
15347
6660
2724
2692
6714
6962
1316
1916
9352
1160
12866
11595
21689
17842
3082
17071
6253
10365
18125
19020
5630
1745
7413
3763
10651
21076
3337
24091
3091
19000
14457
3144
2624
2115
10982
7539
6873
2520
5831
9750
5735
7080
6782
10223
4848
10119
12957
2566
7395
12064
1312
1243
5812
1912
4422
10876
8849
1217
14773
5032
6011
14488
8701
4705
6333
20178
1920
6322
3870
17423
9810
13939
1489
1472
10217
3697
3939
1944
11024
6415
3347
18047
20393
3087
20193
16341
3898
2678
16844
7687
2609
16604
1167
2428
2321
1045
2863
17965
3143
2441
7613
3273
2672
4147
4017
13944
3243
11287
12077
7299
18463
3233
7903
7928
2798
3327
4622
8523
10651
4514
21300
1625
2872
12456
10265
19130
13097
19933
6652
2714
5319
17866
2877
10427
5504
5019
13528
10397
17181
23296
2778
2593
4928
2308
10463
1704
11336
18504
13008
15300
9507
10200
6025
14476
8057
11728
4927
7236
1549
4502
15282
3228
9621
24708
1570
11270
7047
10079
19225
8359
6604
6455
2355
15127
3046
4531
2230
18777
7933
7969
9891
1795
10394
3140
11360
6206
9495
4252
23622
9039
1020
14299
4295
1928
9933
3391
3911
15017
6155
22063
10410
10619
1987
12946
13240
8842
1961
14058
3650
4520
18533
5009
10356
9013
9745
18073
7164
4724
12282
5322
16895
18424
5864
16808
4384
1841
14489
5113
1210
4857
7128
11896
16119
16659
1993
9857
19660
14394
4889
2502
17379
12355
9024
7384
19077
19142
2539
3183
3249
2622
1223
1147
1222
1022
1170
1222
1215
1220
1223
1222
1095
6483
2942
23732
23083
7995
21795
11313
1801
5565
2059
16068
6227
4494
23892
7472
5628
1837
11322
5645
3642
3109
11187
1254
20003
16448
10052
10068
5624
14953
10608
1478
15332
22450
4195
7859
20120
2982
13591
7746
13366
19926
3257
3235
3545
6903
13672
8006
5501
2483
16226
3747
4831
4796
4570
4460
9528
3052
15036
6378
6565
3485
4181
2885
1890
1663
1881
1213
3005
2873
16168
10732
14584
13200
10216
10827
3087
1798
4126
11945
1019
18012
15143
14628
1767
1690
1583
1631
3465
4065
3638
8980
15581
6996
6947
1410
9352
12849
14996
10282
6836
14826
13237
8126
1598
2248
4914
1163
16333
11065
3293
1823
8658
17095
4662
5412
1803
5966
9242
18507
10047
4846
7582
3318
1954
3902
13220
3130
5155
1884
2050
2048
1993
8963
7073
2711
2703
20112
22901
3640
8548
4287
2454
1777
3585
18389
20782
1280
20219
1036
9216
1693
1644
1391
1675
13102
1823
9661
5990
7097
16182
15848
8094
3465
6332
4334
2181
3452
2102
1873
5670
3464
5140
1571
24667
6357
1789
1835
13338
3535
17053
9273
18079
1132
4321
1908
2239
11373
4044
7858
3166
1970
1140
8125
6917
19642
16176
16662
11657
4319
2370
8437
1247
2428
16886
12992
3353
3319
8786
30489
3319
2508
1327
10638
18233
13051
15833
13212
7057
6746
1361
12901
19058
7178
1820
7422
18630
3698
9068
6081
7778
9668
1932
22085
3152
2518
3960
9990
3518
12567
1839
2923
4554
1668
7024
3437
13817
1780
8113
6023
6849
24227
4190
5679
12561
17106
1295
5095
15232
8741
14817
4530
2724
1632
1709
4249
15865
1348
6070
5072
7026
14594
16598
5831
3893
10485
2323
11275
18339
4162
8797
1932
4394
3456
11432
11431
11978
2622
7149
4499
12093
5590
6913
8233
2943
15877
9489
15314
7308
7744
8557
1260
1121
1111
1114
1242
1283
13595
2566
2513
2578
22735
5920
1715
25040
11283
15857
4624
1337
1719
1752
7190
27683
23889
11785
19376
2746
2545
2723
1541
17509
33954
12617
13663
2121
19286
9782
11852
14309
1686
4752
11021
3829
7796
6616
15433
10920
8471
3304
13988
3331
8762
10935
2422
8238
13065
27941
3146
13289
5073
2937
1269
1550
11232
20117
5338
15576
16773
18309
17641
23545
11897
17207
12159
8084
1688
9469
15048
19796
5401
5017
2793
16394
7884
1910
2078
1390
9824
8083
3303
2693
3734
5803
6361
6241
16687
1621
12855
5956
9361
4121
6081
9540
11415
16837
9397
3508
4334
4207
31585
6402
2686
19633
12499
5257
17264
16170
3954
5193
9903
7706
11811
2371
6087
7336
7259
8296
8025
4997
3016
16454
6714
8359
4343
13858
13258
4620
11734
2787
2753
2645
19800
13554
11798
5218
11394
1919
7295
12583
17739
3392
5853
5109
19436
4985
12197
4888
25631
4595
18798
6948
11535
19020
12193
13448
19209
8617
1739
13917
4034
2109
1995
2151
3646
1997
4161
11653
1746
3843
21950
16344
4527
17279
3973
11257
10530
2809
10828
2921
3346
2755
5271
19122
10742
3833
1510
6604
5063
6021
2381
20559
7532
2814
17347
13201
8018
17122
14954
20731
21183
19363
2371
18540
1065
3404
8406
1448
1444
1100
1401
10780
1038
8606
4725
4760
25779
2822
10264
11004
4645
7039
5439
3953
27081
10628
14924
5002
6215
6127
10157
3993
7756
15289
10908
1481
1473
1553
24351
17171
2500
21486
6426
4838
13647
14279
12154
1088
3231
11353
2656
4338
2211
4550
21887
5486
2344
18074
1358
9590
5861
4408
3275
2894
22216
6978
1741
2960
2695
2692
5240
9728
2009
16299
11631
3227
4337
3594
3413
5998
8736
2141
17572
16485
8396
4234
12232
3949
4025
11172
1599
1875
4687
7855
18266
8405
2146
5178
3122
5987
5203
16798
9602
8665
2956
18725
4478
1653
3912
2540
18734
6625
18557
13103
5394
17310
6059
13354
5485
6242
6592
1731
7745
18783
5626
1644
8604
6048
17522
2999
16646
3773
8031
6283
3703
7709
11634
9313
13761
10672
13753
6532
12099
9829
3034
5828
4130
2408
4467
3818
8374
7358
19866
5477
5993
3037
1315
1178
20992
3226
2542
18781
2151
14513
2258
2239
12904
1118
1235
19187
7096
3457
4759
6498
8275
9008
10210
3082
8030
2288
17962
14425
4458
7607
18014
1140
16439
1105
8523
1590
1492
25959
1378
8894
9396
6798
13922
24303
2612
2616
1166
2083
17513
3605
5388
1591
26346
15596
7164
7810
2784
16462
4100
2768
3372
10059
24871
2002
1668
1842
1827
1837
1827
1797
7779
11941
4879
15729
5277
9385
9338
7478
1550
17907
2963
3099
2670
6495
8763
4362
11441
11123
4110
8249
24265
3084
6755
11567
7421
2425
3542
13292
14157
1516
2251
1188
2015
14805
2916
5457
18298
7797
7358
16462
3401
10347
3669
1726
12662
5463
7421
3264
19519
1876
3693
29175
3018
7454
8049
14521
4340
1695
11069
15603
3775
1275
16959
19998
13514
3009
10252
3647
9890
5783
4887
6145
15723
3662
1981
23783
1068
2412
3231
9460
3337
4281
1932
1855
7275
7237
1091
14791
1839
1889
16756
7944
3474
4474
3531
4346
6054
2591
8876
10922
12014
1555
1186
23002
6388
2718
15907
12106
5659
1767
2953
6604
2874
1403
1578
1580
1716
1078
15864
4526
4898
13563
10799
1415
17788
5631
10032
9764
14670
5279
7700
12266
17337
17776
16793
20367
1404
23403
2331
7170
7124
5143
6498
4642
11614
3911
3510
1178
10262
1376
5005
1922
2034
2375
1182
8692
6904
7786
7810
5028
20148
4228
3690
9643
5207
7699
19533
7586
11860
14525
2741
7571
2288
7338
1940
2063
8971
8643
13789
3017
2932
6585
5600
17154
5588
16736
5966
2989
1987
1608
1971
1980
1953
3592
11861
3766
1308
6514
15560
1178
12325
4113
30416
13304
2990
5595
10564
8314
10385
6222
2030
2712
2696
2656
2621
2188
7585
17604
8260
6058
7620
2403
2380
1443
26242
1698
2853
8511
4035
3654
1003
15656
17836
6482
2565
5889
7968
2526
10811
1947
13892
20091
5559
12066
15256
13984
7358
2982
5688
3852
10978
5190
4665
16366
16680
3406
1343
1766
4170
6567
6183
6879
18803
7258
1336
1477
3192
18648
10554
3594
1585
1575
10199
5694
7232
14307
1023
1058
5432
17303
7619
1714
5769
1751
9659
19478
3972
3911
8874
7308
21145
1594
2348
14795
7117
1407
9098
7606
6188
5100
1159
2079
20050
9147
7118
2086
7537
16656
6138
18656
2428
11012
15402
4769
6278
11599
7165
14778
25800
8329
5923
12855
12429
13533
3748
2167
3149
1720
8906
8012
4158
2967
3386
2105
6366
15996
20662
1644
8406
11386
1501
8117
4634
19669
16127
3089
2018
8573
3812
7411
15765
5512
2678
2351
5590
3715
6628
8104
13808
22684
1352
15793
11995
3524
6224
18033
1308
4303
1532
10306
4422
12662
6152
7542
13322
11490
21151
18208
2523
1526
2813
15097
3306
13661
21285
12241
9970
6519
7830
4044
13614
1819
1822
4101
5603
8898
9342
2380
12485
5690
13249
2998
4777
1789
1589
16910
18416
10524
5571
1393
1606
6059
13029
1181
5128
24842
5792
12083
5501
13188
20331
14449
7468
1107
26346
15859
2137
7007
14308
10891
1332
11283
1549
3273
12062
4943
2606
8985
7905
2388
2166
10437
5353
1226
16804
11832
3879
1938
3168
2994
15158
23485
1089
13049
3596
16725
2458
9468
15406
5641
10848
5449
18267
4515
15496
18831
17483
10141
1984
12665
2835
2645
2428
1506
3254
1215
15060
8599
1130
1016
6287
20601
4586
1756
5150
6784
6756
1469
4233
5961
19009
6121
2847
1072
2007
12275
17088
15801
4186
13162
2226
7038
6893
9976
1074
19943
7966
11546
3697
3389
1465
2239
2917
5043
9615
1699
3039
7002
9650
7906
8426
1833
4219
8673
1988
18439
9974
2793
11232
11274
9489
3700
3710
3709
3961
2395
2395
2394
1152
14280
3541
4006
23358
10224
3498
7162
16963
9572
1932
2567
1904
9346
10148
2063
24477
5025
18191
5243
4291
13586
1124
13072
6251
14585
3205
19133
5851
4818
7559
13617
14834
3796
3637
6133
4056
14226
4625
6896
2679
7197
4907
13812
1335
1251
14722
5408
9842
2879
12236
13897
1077
9541
8434
16789
9668
2697
14227
4176
20409
9179
2195
12915
5839
4998
20912
8737
3485
1106
1071
1159
1172
1074
2026
7634
4681
9945
5033
13362
7108
5839
10627
7514
1949
1691
7687
6312
16839
26106
7620
4062
8023
10062
17523
6981
4926
1844
2271
2312
7025
15684
5267
8874
5117
9480
1888
1532
6949
4514
14937
1705
17030
6171
1892
17117
20907
17589
14791
4299
8809
2140
17408
6431
18923
1969
13740
1482
4129
3340
2061
1376
4688
5647
14412
11414
18995
10419
7889
4309
11447
13330
2578
12478
13027
4521
11327
2970
20126
8543
1690
3159
9037
4016
2290
3665
3730
6962
1482
1429
1788
1779
2323
5636
12653
22518
2723
11077
10339
8565
3563
13697
8215
9526
5182
5383
9358
3880
3928
2631
6308
24495
1173
2508
16100
9486
1913
9421
1055
11370
30434
13137
2279
21031
4410
2212
4764
6306
4523
6582
7157
28428
15446
1668
9653
10036
3168
1982
3501
12270
1423
17488
16547
8360
2635
1007
1288
1394
1414
1370
12356
13580
4285
6339
12515
4927
3510
1132
15183
7824
4357
7792
1158
6017
14109
26526
12598
22821
3650
8175
2802
12124
6125
14847
16305
8601
10960
1535
18074
12453
9043
2372
2680
9629
3400
7229
24733
2668
13030
9467
5256
4506
23569
16614
8343
3548
9549
1415
4929
4742
4008
2216
3534
1470
1852
3345
6280
3090
14825
18744
3140
8738
16616
5078
12467
15314
28558
2260
1072
8341
17625
12032
4180
12379
4534
8781
11834
3623
10392
1881
2611
4421
11228
1442
1076
17160
11439
2839
10370
16664
7230
6887
8969
4339
7822
21861
11936
10967
11012
2846
2637
3079
1654
19331
5562
13846
8879
19249
6683
16481
14278
10935
1855
3550
5658
1451
1438
19527
13201
10737
7688
14434
1561
2147
7350
6707
6708
5309
3594
1863
3266
9416
1214
20062
23056
5998
4923
7475
1829
22677
20223
2141
1478
1689
16242
9503
7688
2614
9527
10415
8766
2099
18277
1783
19722
13381
21062
9142
12377
2587
8554
11245
9234
17860
4451
8124
12413
8883
13461
12060
11432
6857
8212
14534
9190
2964
4404
7614
16945
5371
13431
10015
1989
2890
6966
20729
9644
12135
22693
7499
1517
3106
13647
11400
6568
2213
15670
10566
5294
7710
10486
18294
1082
17839
5910
2842
7221
2077
2038
1329
5051
1894
14102
11361
19894
4440
1113
3532
2880
20032
13593
17363
2382
2986
8984
5081
10542
3371
5732
18637
3088
19899
4212
4318
13500
3723
2554
3613
1115
6000
6032
14118
21756
5804
3297
10617
16598
5613
10402
18075
4249
3110
1472
18854
1026
11530
12607
13912
11428
20519
2543
5566
3238
3629
4663
9059
16379
10894
2799
6308
19788
9372
16790
22260
17915
2870
2469
1602
12840
10041
10538
16166
5350
3010
2772
2766
2260
15414
5719
10471
4130
2743
8649
3492
6194
2748
2435
10607
5558
6353
11730
22207
15149
9949
2794
1184
15681
13892
1415
5990
8598
8958
4596
5937
3362
10728
8026
9000
3445
3911
8159
17517
18431
2304
9552
9034
2452
4707
1235
1225
1012
1355
1049
1351
9613
8213
4245
15226
2236
14850
14169
2388
6844
17775
12964
2832
6273
11335
11064
11695
1118
14435
13301
5216
4259
19206
4890
17337
1561
14588
5321
8072
8876
16410
11003
13422
11886
7777
4989
1933
1947
1866
1917
6494
6280
14346
11885
1327
2980
9953
1383
5664
6901
1714
3218
2406
2434
2414
2163
3112
2114
8409
2968
21475
3693
3990
8235
6288
4091
19246
2085
8304
9488
5348
9736
2155
3239
2841
2587
9544
7594
2814
5632
18597
6239
2667
2628
4213
4056
2144
10341
14138
9335
22227
3212
2142
17029
15283
22386
5023
1119
5509
3394
3996
2792
3548
1762
4658
16635
13984
5436
19661
8772
8247
4340
5029
4082
19042
7803
2247
4976
13934
9793
4450
18935
8829
11631
6492
12019
1768
12260
8338
15741
15051
4687
5660
16472
15058
2795
9495
13884
5463
7435
3455
25433
10197
3359
6086
2228
3579
4778
3155
6498
15700
2300
1750
1854
1629
10238
9569
4437
6059
6323
1095
3897
5925
1875
5704
11538
15686
6455
19036
19126
4804
16334
14969
1773
14687
8721
16890
5418
3787
14531
2091
5250
15156
6425
13341
8855
3078
13276
7188
8305
3846
1735
4243
13800
11528
3647
3711
3600
9796
10214
3574
10309
4680
1844
2942
5717
14428
1070
9149
6616
1941
12199
16833
19454
9285
2216
2149
13062
6205
4753
4258
2064
3166
11221
2163
12970
19048
12685
5903
3501
17386
7367
6885
3226
3229
5218
16398
1029
4849
3545
16444
6685
17567
11283
17517
2295
8561
1713
10941
4986
1024
1517
1533
11731
2184
16656
1317
20415
5438
11072
10150
21327
8104
1789
4418
1505
1710
1951
3115
3824
21068
1936
19530
6251
3137
17935
3885
2651
17469
12178
6729
4683
8324
3015
5128
14378
13085
4279
27073
14555
5530
4133
3420
5087
5458
2689
3119
8807
1873
8468
16721
3763
3245
10423
23688
3536
13141
4887
18566
3272
4981
18230
7489
15307
9057
1427
4665
9984
1796
7618
2408
2277
2475
19205
8435
2084
2573
1294
11864
7170
10406
7724
9295
7484
14079
21981
8361
7019
1377
1457
1556
15562
3327
2447
9388
1591
3145
10737
10464
5894
10658
7361
19081
6549
2099
9814
2549
18659
9335
8175
10724
10301
1016
13072
3720
2743
1863
2704
11455
2987
6697
13596
4029
27848
14298
4434
16502
9302
2045
10146
2344
1264
4559
9125
4214
12824
2038
1084
22368
10589
9600
3229
15407
3858
2803
6750
20094
1257
26339
4233
5509
1956
2601
9604
5665
11979
10909
5341
6553
5788
10984
1104
1604
5315
10857
15019
23830
2261
14568
14014
10202
15063
9722
9739
9004
1746
7136
7311
8509
21096
10570
10330
1451
10434
2767
3157
6332
14813
7776
15892
21248
14557
3245
1991
3411
15087
4037
12488
7000
10696
10633
3717
10552
1436
3062
15841
2744
17889
16004
18914
5234
2374
2402
2114
13477
9880
1271
6433
2997
13978
3169
3383
22142
1177
10092
14608
10832
9484
13809
1441
9877
8147
7241
2206
2329
2272
3033
14788
4448
2742
8751
8875
2885
9570
6377
16294
8735
6061
9532
9211
4398
1138
3582
12984
2390
12332
18092
1162
1665
2085
24724
6182
5433
2015
1692
2048
3235
5580
5299
1297
1250
1153
8756
6589
16557
8642
11268
3703
10600
1018
1572
7140
4595
14290
3975
1459
1442
11418
4248
8829
18350
3900
11906
3434
7178
8539
17153
12939
9614
3737
19146
19217
1158
13008
2643
2073
4314
2361
1138
15256
2120
3858
12687
13275
19266
1475
12006
2037
1881
16736
11385
4851
9012
2674
7280
15933
2842
16716
7172
1381
2646
26170
3261
3578
1490
3759
11070
4747
16437
17186
10901
16190
11710
20972
1291
4562
10943
12018
4014
16203
4814
7347
6709
20530
16892
1100
2653
6489
4979
4319
2207
14734
3965
11053
21750
19960
6724
10053
1879
2347
2293
5170
7714
8368
5565
7684
2828
11991
2780
15884
6390
2811
18412
2942
1989
20509
10619
11892
1212
2158
22135
22366
11340
11517
1402
1314
1458
1415
1479
1289
1497
2466
7788
10409
1750
24726
6520
7613
7164
16205
12752
12711
1885
1931
5099
10642
22172
14766
11272
6029
13475
6519
35809
4166
3337
3486
2436
2703
6906
11470
2952
2659
2973
1452
4649
15317
3901
4902
7100
3048
4169
6850
1387
18900
2890
1899
1732
13826
13668
22203
17055
9284
6516
9834
13467
9540
5122
3819
8362
1536
11995
5942
12735
6909
9516
2945
18622
3860
12229
9800
7963
13887
20004
29452
14408
6322
1644
5819
17889
10292
12117
5622
4627
3394
8593
6250
3355
2044
11530
12110
20712
17340
4798
4682
4410
4460
3231
1961
11118
5555
12323
15200
3541
10049
3864
10235
6960
2293
9644
14416
9784
5669
13777
3803
4797
4764
5247
9846
2001
2841
4745
4376
10211
2627
12266
3195
5346
7753
6061
4544
3673
3471
4255
3950
7320
7532
18314
11225
11744
3352
10115
15460
7035
18613
7943
1443
2106
5104
4188
1717
1717
1718
1663
27040
9230
12971
8110
8306
4316
23112
2006
3349
8585
5330
13054
14044
2412
2452
2366
1171
12659
4065
6605
1695
17100
12976
11565
2368
2532
1156
2220
4577
8754
3372
9183
21069
8943
5421
7966
14623
3186
3170
1974
1837
12569
6268
12125
21151
18649
2489
5341
21763
6193
6566
2449
2452
2453
1472
21731
2075
21054
7425
1890
1558
7064
8850
4179
8415
18974
14057
2753
13009
15563
12432
17077
2073
2038
4112
4384
2893
1536
9651
4411
3275
9947
5709
6511
25464
12712
14145
23212
1574
14989
4613
1007
1777
2806
6108
15646
5877
11042
9920
8688
4792
6983
20070
2277
2023
7430
2736
22064
3402
9339
9185
7274
18172
13813
3386
3263
20076
8398
7792
25606
3920
3753
4253
5989
20103
10045
9464
20186
1289
3895
2874
20758
5147
19442
5744
1909
14459
17559
21813
1978
10781
9746
12280
3119
4705
3522
13463
2552
13745
2085
1415
22154
7773
1565
10617
7585
9982
6590
3287
9906
6109
6410
1187
16572
10398
2121
3504
16293
1425
2938
14770
15471
7882
12810
2652
25283
25771
23531
6434
16603
4057
1027
1490
14116
17587
1477
27938
4600
5224
1023
23235
21003
2070
2152
1119
5667
6802
3782
19558
3790
1924
6605
25313
5851
11137
7733
2822
8604
17294
2669
7207
6436
8452
4028
6144
2038
3589
6771
21081
8747
2143
26883
12159
3896
11415
6345
3177
3682
3357
20639
2129
2646
10154
15786
17265
17301
3304
7818
1540
11246
1936
1675
1824
1709
2550
5796
3056
11623
17640
18090
17152
2169
13067
19685
14842
8966
8320
5883
2895
3925
15277
13718
10942
6744
5140
5225
10227
16479
4473
10926
3946
17701
1362
1368
1377
1381
1264
1267
10940
25842
12247
8503
14015
5568
7208
1830
2570
3965
4585
7781
18290
4567
19282
5436
4525
4278
20253
13218
4859
3031
5722
12107
8844
1559
3305
5680
20768
13325
17102
15823
6567
4877
8068
4789
9744
20108
4780
2432
7705
2102
1492
3402
12402
1869
17826
4339
3793
14081
14749
2315
1839
13167
15758
1485
1237
32509
5915
11657
6519
12150
19186
2289
4690
3915
20363
9105
8704
17194
8149
2507
16924
7821
12274
2698
2183
3844
4102
2594
12126
1474
12546
13198
8099
16880
20683
16108
7036
15031
2473
14634
1557
8577
2658
14981
9195
17265
6473
3806
20878
13283
14890
5860
3178
3253
3254
14546
5168
1484
1218
1319
2600
18955
10052
14839
7228
7967
5234
14835
2855
1646
2056
8211
5986
18349
3104
13297
9969
6467
7022
2978
8669
1956
4386
12473
9146
23092
7315
10243
17270
8300
9219
3522
14932
1077
2996
3121
1648
10241
3079
6239
4880
3104
4989
6892
8712
12179
3225
2120
4872
6353
19982
13800
11795
2257
6822
5168
11490
3491
3070
6283
1840
1786
11653
14362
7759
4462
10333
6202
8834
7086
1646
18079
5876
18554
1254
1747
2023
14945
1146
10041
4119
12918
1587
5815
4122
22953
3625
12129
11018
1077
14833
10381
7857
4613
3302
1829
20658
11173
3945
1655
2362
10208
2842
3933
2659
1776
1296
1745
3483
7578
17563
6078
1669
6787
3360
2585
16032
4378
3227
9491
1764
2453
11495
4146
12281
12236
8520
9270
1261
3935
18687
7261
2981
5451
6656
7292
2043
4946
7351
12029
19919
7817
18914
5312
6412
4891
1113
6069
1069
1064
1025
6218
1139
1243
1208
10119
12344
13465
6098
6792
9095
18274
8011
9392
2998
6662
8291
4913
4784
18707
1573
4412
5390
7789
3642
12694
1552
1499
1082
6049
6092
8610
16259
12237
5132
14196
15591
7716
1920
4690
7438
6280
2780
19565
2725
2615
9075
4695
13903
2940
2987
2882
6646
4291
9297
1967
2108
1986
10003
1149
7939
4197
4878
12505
7423
4707
19265
7110
7233
17188
23342
2087
4412
13487
3795
15977
6461
10336
8748
8573
3364
13456
10598
2703
3108
4400
9796
7815
5693
5144
4796
3900
14918
13057
1982
2020
2022
2022
1306
15611
13721
6386
1135
9433
4088
9111
7885
7878
6989
18686
3596
13764
3125
2423
2465
2089
9003
10390
8379
10589
7936
11079
4889
5772
18489
1976
1984
1981
1975
1848
8851
13996
17162
1181
7751
4860
1158
1124
1152
6339
3916
1788
6873
9271
11255
1825
2748
5881
7732
16414
3759
4981
6871
4219
10070
7220
4505
9335
5366
13825
1201
9028
4464
11798
15421
8887
30073
9977
11583
4253
1671
18554
18469
7538
9937
6798
2436
1350
1182
4028
14754
5159
11653
2872
6927
8155
1609
14605
7346
5433
7040
2492
15005
7798
1543
7514
3126
16244
16119
15573
2054
2063
1509
1492
2336
1902
1522
1871
1310
5333
2396
13081
6191
7079
1890
12069
4957
3224
6331
13053
2019
22078
8835
4685
6043
5592
3460
1199
6200
4815
6360
1664
1340
6702
1380
5959
14671
2515
1158
9220
1993
3484
4617
7165
25182
2966
1304
19139
2003
7708
6009
10467
16720
6871
14736
1189
13940
16410
21579
10781
4936
13199
13931
17595
6888
2209
9648
6945
5662
8462
13430
21126
4357
3986
17020
6051
4997
2912
15261
4950
5821
3588
14417
16109
9848
3183
2587
5761
1851
6567
18529
8618
10750
12622
2810
16841
13234
15496
9759
5865
17779
7654
10866
8218
1879
1066
13897
1374
9972
10814
7006
12645
15589
19462
8447
17369
13904
2869
1681
8043
5953
4540
13187
9770
1703
13837
18174
2866
3611
1066
8853
2901
3144
18994
1049
3708
4030
17116
2006
5592
23275
14369
1726
2673
2679
2039
1488
2249
10510
8082
2443
19939
1361
10111
4969
2175
2127
2161
12577
9527
15338
12817
22511
2383
2557
6212
4058
28135
22118
1217
9766
2175
2190
5527
20806
2739
18348
11070
2779
9391
26269
2936
18445
2293
2159
2292
13463
12519
12602
2674
3378
17045
17122
10071
10005
7671
4404
4608
17271
1077
18108
9540
5541
11894
1927
1418
3863
6312
5528
8844
5660
17103
6205
15445
7211
20357
2580
2409
2301
2473
13913
6875
6428
2440
1269
10306
7480
7143
11337
1655
13831
2588
2825
11554
2089
3483
2951
15667
2568
2710
2038
2647
14591
4605
4842
2092
2132
2111
2106
2018
2369
1782
5129
6690
15886
8935
1431
11059
9655
20242
18341
8062
12505
13951
2262
15808
6396
17245
4062
1030
8776
3759
3308
21045
7202
19639
2800
18969
5149
1984
16393
11404
6832
1004
1208
1049
7077
24847
2980
14347
8160
21148
2759
6713
18768
24901
9318
10821
5657
7773
4533
9227
3228
3038
7033
10233
1258
1401
10754
8073
1676
5064
1757
1740
8180
14473
10631
15640
15254
14738
3923
5214
3326
10930
3985
6174
24645
7328
2296
3364
10275
2373
1178
4608
11812
8794
19125
6655
7801
12272
20201
7419
1964
16299
2669
9328
1660
1561
9229
6164
5283
15547
3721
13452
13199
7165
4412
6339
5588
8281
3850
16589
16191
13324
11692
17086
14248
15167
2230
1889
9073
15990
6939
17634
15888
13676
7553
4091
12077
6107
1239
1236
1241
1181
2282
17855
10793
6990
21074
1144
1144
1102
1107
16928
1110
2766
7333
6222
4114
2605
2792
5705
3688
3920
2097
10567
5006
19598
13256
7942
5650
3660
12144
13115
13422
4158
1681
1659
11011
10970
3781
13040
8261
4214
1335
4914
5543
12508
9301
17795
8995
3094
3649
7917
16476
12071
1956
2614
3068
1210
15035
23873
2982
5790
2885
7786
2638
1596
1961
1593
2471
2890
1645
8497
11703
19872
10975
5649
4035
13281
9970
1574
22500
5515
11303
8595
6867
10372
18082
6139
3713
8913
1152
2095
19442
15089
2657
10537
14953
11073
7056
10698
23686
1814
1834
1852
1785
4368
6518
14336
9496
15072
2535
7789
4161
14646
10806
2472
12520
14336
8554
4556
13709
4195
1905
6175
13515
12681
5064
4206
2858
16597
19051
14931
4452
20098
10426
16058
6468
5169
12522
15226
4559
3972
2903
2543
4487
15105
10734
4920
6882
4142
5140
5902
4244
15857
13703
8714
3896
1574
19956
8029
20186
1930
2978
3033
14735
8197
8050
13543
1295
8423
1517
2324
4532
15825
7270
15151
9327
1371
1618
10955
1300
8805
1314
7850
12734
10023
2179
4481
6233
8040
17028
2902
4557
10381
4023
25549
1114
2331
5430
14494
8194
20982
1335
18583
16105
7653
15366
8329
2287
2396
5909
17373
1071
3991
4256
1270
16046
12851
3431
2951
1974
7134
6791
17489
11640
20786
1628
10437
7093
4304
8357
2735
2342
12530
16316
1100
1333
1367
4139
2968
5017
1048
17936
8380
10601
3126
11330
3029
9968
6247
22683
7568
9346
12988
3527
4663
1316
1263
1857
18279
1379
1320
1464
1454
1433
5185
1602
7495
18943
14488
14008
14068
20797
5197
1194
14093
15423
1122
4590
3590
1069
9852
2039
6988
1618
1649
8653
9731
8998
9604
5769
12243
7154
17595
10891
11632
9458
5778
9198
11590
12706
2630
1456
1443
1512
8952
19443
9353
5892
3434
21157
11685
6999
10269
3716
4557
6775
3453
11477
8166
6267
16343
6045
14113
3490
11473
1347
19334
12777
18738
17016
2862
5128
2651
9312
1180
2756
2760
8770
13006
6778
20238
13202
4177
11026
6744
5989
3927
8884
20168
3456
19727
3636
6266
9891
1176
21431
10375
2488
22068
3964
9557
12979
2137
12889
20773
6691
15927
3361
3007
1145
17732
11977
3156
11917
16711
6949
4401
7598
4007
1115
8124
15866
14197
5789
5510
14986
8616
9571
12763
4381
9880
17703
2898
1269
12172
1872
1494
8996
12780
3284
21119
7336
2592
7471
15875
2136
7546
16456
1560
1369
4965
4054
9030
2679
3687
1197
2126
23242
14991
6205
2344
18376
15318
12274
16902
3241
3629
2877
3986
10429
9701
3053
12091
10520
2816
5653
8304
9623
2224
5819
13534
16460
1261
1786
10829
5099
5980
11635
9015
8563
1440
4447
5718
3691
19330
2862
1602
11736
10060
13048
11044
1563
11115
7299
14219
18368
12975
9628
9910
12988
11587
25522
17868
17120
7658
13752
3984
18401
4492
9435
19707
7931
1566
3132
7281
7323
4783
16872
2381
1287
6559
8696
8942
3585
11028
6585
14940
5684
2594
14324
7690
1346
1935
8967
11248
14862
4796
3315
3118
5514
17139
4948
8543
1560
5247
1523
2371
12121
1817
7045
3286
4842
1064
4346
1792
10631
1393
4594
11513
1166
14976
20662
2373
17501
13354
1188
11179
5539
7009
12513
23774
8515
3689
4361
11185
5822
2562
2473
4637
4616
5096
12635
2726
9287
2962
5286
8444
15852
3157
1504
15492
6551
17868
1400
7096
13406
11370
10672
7749
12526
8214
5710
3561
13723
15753
11723
2207
18993
3935
5493
13910
9166
22185
2185
2277
7515
13597
26381
9125
5235
7336
1121
7710
9298
12418
7134
11792
11224
20059
1026
15541
21652
7233
8658
10001
12425
10031
16334
11850
2103
12897
16573
1554
13185
16828
9413
17275
11064
2968
9799
6113
18600
1056
14525
20748
1782
1280
5184
6485
3546
3469
2265
13465
15756
24226
11783
10040
2220
3681
2078
2303
1087
3253
16833
17242
12891
3422
2824
11902
9169
4578
20046
2282
3270
14214
4955
1546
17760
1102
13701
19099
20924
7078
8041
3268
3558
17500
1418
14811
2926
1210
2548
2417
7629
15424
6279
6134
1213
10011
3353
1432
8689
1132
8286
10134
22888
1667
1667
6452
2890
6527
6774
2509
5732
1421
13792
3531
8295
11454
6152
15681
8554
6845
21440
15631
6589
5266
5864
7212
11689
2314
3135
3351
11629
25140
15807
6764
3006
2685
1558
13909
17778
17751
8709
8996
2337
1380
1850
10186
11514
5070
6728
6566
10550
1035
6734
6551
1965
9528
14017
8630
15530
13077
5020
3207
4015
13250
7430
6997
9437
1051
8413
2562
1055
1722
4098
1834
10885
10400
1284
17567
8973
12904
6698
8181
14859
5326
16833
4138
7243
4386
10290
11251
9214
22062
13060
3022
4318
5481
4931
5330
1370
7327
14158
18520
13725
8085
3159
4213
20243
14570
2851
9492
2659
17491
1191
19870
4678
14899
18311
5870
3296
10109
8214
3899
7607
19595
7675
14149
7330
2147
6571
5825
13335
1451
11031
5621
9007
4093
11099
20129
12555
23423
16334
5529
2124
6089
9054
18109
2652
5248
3295
8754
14652
16309
8198
2658
6402
5115
10203
7617
3860
3396
2075
8703
1074
2195
4704
14177
4357
17317
11052
4942
20114
3485
9655
1987
1450
20493
7659
15163
16704
5198
5453
8901
8252
9549
19504
14672
13341
3177
25411
17977
11368
19641
2735
7129
4909
7716
7336
9666
4256
11290
12094
5282
6890
3279
7715
15256
10513
6465
4475
13646
1015
5535
1036
2261
2440
5223
2875
11280
21732
10940
14378
2189
3688
3522
6978
20763
5474
3230
11122
1478
6281
17508
5709
8495
13609
1816
9269
3369
1132
1229
1154
7006
21581
19304
5209
1624
11522
8401
9776
9302
3917
7611
12239
4983
2053
8028
17853
6229
18941
9811
1515
1246
2161
2793
1877
1681
1729
8226
3119
5129
4019
2343
5116
2503
1323
6344
9731
15835
15753
5225
11394
14371
8494
1766
6238
3889
10947
3442
2427
2268
2369
2437
2014
1809
1926
4792
1811
11514
8003
20854
6354
1591
7108
2549
19702
1207
8616
5216
3297
2166
11598
13906
17035
15705
2043
12017
2850
5606
1347
1339
1347
1200
1225
7306
17474
15051
7766
3731
16347
4358
10492
2346
3612
20503
7852
15142
10148
5701
14241
17335
11207
5315
2633
15130
7743
8970
3303
5484
6112
10202
2078
11231
17863
8813
8289
20664
3057
10063
15237
9371
9614
6412
10903
14287
2100
5337
22642
9242
15438
1947
8776
15313
1674
14540
10916
6676
6125
4972
6449
6457
1154
12375
16415
2244
2387
20901
2438
6793
22330
12567
2312
7429
7046
1267
1298
1267
1346
1313
7261
4410
5152
18046
3794
1051
2626
4249
10120
2541
22739
14004
3095
1365
18924
9595
13663
4689
1864
15275
1968
1299
3284
2346
2274
17603
6729
9281
31305
1250
1520
9154
2665
2537
6947
8622
1025
7320
11266
20027
19520
31568
16774
2354
26502
10700
2770
13157
17094
8763
10151
12813
8336
6685
12268
6416
1294
14747
8241
9443
14818
12368
10236
2401
2171
2122
2114
3759
15619
3629
1004
1018
5952
5177
19171
20702
7262
14278
3871
7610
22409
9424
5108
3077
17190
5229
1060
9708
1934
4298
4024
4841
2045
14593
1281
15500
1236
2451
3828
3887
8805
13151
2640
4201
6116
4467
18454
2679
13271
2662
1123
10881
6620
13830
10603
17176
8862
1762
3592
3249
5207
4233
7393
9078
19341
1283
4803
4149
18913
4285
1612
19718
4070
9968
3614
5471
4722
2650
2667
2563
2629
2249
7092
23130
10205
1187
2202
13980
3883
13317
5632
9914
2509
7256
5274
16329
10686
9266
16029
15258
25947
2810
2197
1428
2014
10632
15897
11898
5095
2021
4687
5795
2730
2777
5891
5499
4580
7750
12470
9024
10579
6367
9620
6759
1666
5469
5523
5899
1927
16744
8675
1468
4804
8697
3450
6129
1662
3156
12810
19616
5497
15865
2018
1344
17106
8182
1053
5090
11201
1607
12053
6700
3505
27420
7592
3057
21422
3201
3253
7855
12369
1120
3565
7203
3267
2015
23210
6111
7032
3440
3005
4034
15615
2293
13979
3523
7758
23997
8430
1661
6717
2592
2997
15584
15141
9259
14932
2965
3740
14329
3094
12697
19519
14023
20238
2371
3661
12346
13750
13144
14722
7471
14625
22469
5911
7054
7534
13140
18648
9185
7179
12904
7190
16547
2954
6502
3759
8816
4311
8936
8679
9185
17142
3131
8358
1334
4684
9501
13181
4726
19457
5239
12130
2915
13989
19473
1222
1825
1859
1536
23153
2869
3970
16070
27645
21559
4829
8078
5597
8393
2490
3223
15845
12536
7001
3840
6403
22376
15921
14793
19960
19961
1739
1937
9470
5979
20769
18951
3090
4525
8106
1658
1372
13552
5076
14528
7697
18067
9344
5329
4471
11860
7850
14630
2075
1381
11318
10423
3563
14823
6292
1128
9538
16371
5715
18908
3124
3066
3050
2103
3866
18158
1702
9028
16311
15077
5476
5418
4360
12905
1157
1540
1437
2735
10159
9582
11718
8413
1148
6636
10747
8308
10911
4939
3619
1244
10545
18788
1099
2360
9163
13403
16611
5208
2266
2113
11885
3549
19099
3679
2798
12665
1380
17021
1095
4970
12332
2413
2544
7554
1593
4315
16570
1088
2439
1614
4475
4885
22172
9829
2023
7223
13834
7728
13594
5634
4099
17749
15053
6320
1670
1162
11521
7188
10046
1261
11938
9085
2986
1918
16703
7862
2767
8041
3805
17836
14207
1753
12341
1906
5460
13983
7457
18824
11009
4996
6901
12188
12390
1158
4781
17192
8767
1047
7707
4503
5842
3461
10222
16969
11028
13752
4046
2189
15178
3273
2668
9820
5987
5949
8399
2014
2127
2405
1577
1451
6835
7751
1990
4407
1914
19482
1290
10556
7101
4005
10583
21334
1626
7948
8864
23200
6147
1628
5563
4458
18758
3292
2116
2159
14204
1317
27895
17059
13604
10849
7024
1256
1364
1402
21969
20364
23761
18446
8298
4234
4391
8913
10453
8681
18689
2912
4498
7284
9483
2977
5470
4621
5188
15176
2330
17798
7790
10906
2001
15335
1051
11587
12370
2356
18091
1019
1729
13169
10318
8204
8889
7470
18928
3642
2264
2184
2229
5111
5123
1657
3183
10414
2394
2656
5016
4686
4754
23031
9420
6351
14139
12938
14247
2163
2159
2160
2146
4792
4486
19154
9487
7433
2217
1187
22546
3623
5072
11816
8174
19603
15843
4828
8567
8865
4470
3547
17451
3054
9535
18268
5676
23416
1216
2180
10842
8234
2950
3737
2341
2110
2155
1627
2778
1465
1925
2113
19247
7435
17070
11358
10944
8371
11180
10524
2097
17715
2289
5929
13966
3855
8198
13297
3506
2223
10377
9898
9784
11285
18618
15707
2213
8229
18075
7668
4128
23098
5261
23899
1681
8428
2862
3543
20571
5219
3333
6209
11887
4536
1031
5994
19905
3035
12310
1661
3698
2341
15392
7581
4262
13607
1485
4639
12283
2307
4618
9251
2671
6821
18944
17806
4410
7645
6838
24404
15440
1809
16602
3481
10855
2983
19439
2426
8109
11005
10496
18892
4035
12509
14467
10676
15769
1672
23823
9804
17509
2573
2171
1477
1530
21924
2733
12545
2351
7819
12830
7841
5070
5679
19607
10590
6324
7879
23453
1150
10959
4928
17102
13603
5420
23254
1959
7765
4193
10397
6767
3857
1396
18020
4008
1562
1655
2946
1052
1013
1002
1136
1128
4007
1219
4085
7671
2361
2334
2347
2369
2348
11212
6826
10851
18477
4607
16681
4288
1411
12426
13260
15109
19139
3398
3375
3428
9125
9849
2964
10099
1193
1380
1328
1822
1651
11756
2650
9472
12070
12782
2158
1560
2156
2492
2483
3133
13562
13430
21087
2488
16571
1544
6343
2878
10017
1711
25950
3781
1983
2843
1398
1882
1957
1949
10484
10356
7235
11019
5628
6625
4131
1953
2134
2508
5250
13590
2248
8081
26242
16165
5631
6815
4910
7285
12423
5701
3470
8402
8157
13004
17660
4215
2492
16027
3684
2618
13260
9650
1236
1488
8744
24252
3229
4970
5003
3087
2609
2656
16721
2872
7865
3846
5057
4741
4142
10186
2404
20117
9735
22145
5125
9045
8701
6560
1628
3293
1707
3323
1486
14830
1865
9625
4949
2273
19719
14803
4984
7406
9526
2677
16091
7187
6480
1397
1942
2788
5885
24196
6949
11461
3761
1691
6934
1366
6966
3644
3112
4411
8649
4432
3310
3843
3794
1565
7808
8986
3979
4100
4058
3967
2420
2694
17672
5932
2813
4502
6723
10188
1303
2116
6942
3910
4006
13130
5037
11281
8424
13010
1575
7694
3535
4292
12065
4198
10008
14446
1575
16113
12485
17615
1635
17443
7112
4997
8173
12031
13047
4488
8718
2516
1389
1504
1230
1196
16813
12183
13920
7300
2263
1568
7530
9836
12425
8145
13383
7240
6925
7340
8383
1895
4162
2090
3267
3219
13487
16910
22886
6235
10274
3331
15931
21622
6868
2191
2791
7469
3387
7473
10198
1482
1412
9142
2328
22870
8221
5615
4601
9015
20984
17147
17007
16931
10165
3149
1656
2296
2396
2340
14921
4168
2768
18860
8894
2738
2469
2670
13582
1119
19198
17302
17149
18353
6999
1860
6686
4618
20057
2337
2348
10513
11255
2341
9921
5870
3607
8408
3972
7460
5208
2511
9788
12439
1697
13057
2420
5694
9249
1594
6984
9235
1081
10889
4961
14297
13164
10239
5259
2033
8921
17635
24353
7649
3437
5715
3737
24789
11799
19031
10969
1458
17736
7119
5528
12599
2804
11602
24710
14477
26317
18066
3969
5179
20168
11921
4373
5813
8249
8670
1231
9766
7586
10872
5514
3701
4251
3867
21055
6668
8821
11125
1900
5732
16623
4846
11517
14012
3268
5447
5212
11701
7354
14708
2102
2098
2034
2097
2104
4766
3951
8245
15530
3437
12657
1544
8212
1756
23128
22459
2135
5664
1024
1561
1740
1380
3347
4862
3076
1420
12190
10732
3576
5313
14398
12313
7524
6547
7254
7546
7614
17867
2439
1727
4280
6369
10014
1546
20727
5994
6113
7278
1303
10650
18579
11411
5904
2028
2134
8935
15262
12251
13151
21630
2471
18831
17615
4547
20124
2235
2149
6645
6732
6317
13182
2389
3916
7977
7682
8345
10064
3489
4358
4019
19771
9932
7852
22030
4436
10333
5239
13035
1411
1298
1329
1372
19672
2122
4150
5977
5228
5884
2877
1916
13020
3508
6028
3603
5411
7428
1153
2664
15368
18088
15200
18206
13726
18092
2330
1961
23616
7071
18226
2481
3123
4761
4114
14838
1945
19270
16618
3626
4234
33720
5495
5396
3529
15054
6634
7196
18481
1338
2906
4879
14698
7813
8731
14319
3211
10410
21189
3910
17476
13096
3872
2834
11178
6313
6263
1587
14776
6409
7729
9028
8437
3162
7202
10898
10135
5770
24744
7341
4446
3579
5425
6525
13782
17023
2897
4396
9933
7376
2668
14574
2821
2851
10985
5877
17314
1650
6258
2243
6831
6041
2822
8655
5849
3879
10906
9136
1782
6775
11395
9807
7772
7341
11689
8639
7146
11663
5277
6888
6703
6069
1972
3897
7794
3590
7680
7337
12364
4003
5033
3617
3378
8564
2031
8618
14224
1259
2562
7251
7885
10897
8323
2208
3565
1395
5442
3170
4660
6026
19594
13014
10521
2838
6734
9229
1465
18056
11545
5736
12274
5042
14063
8653
1625
5791
1057
2019
10857
6598
15226
2999
25668
20682
4571
2868
16214
4987
20303
5377
7940
5574
2948
2652
8615
3741
23879
3570
21153
2469
2514
2466
2510
6583
26141
1802
6806
11753
4812
1217
1214
1197
1204
1213
1210
1208
10575
2418
1987
2681
1856
2792
9625
13176
16230
1033
8129
4027
3735
16414
1448
1188
2242
1324
2230
1294
17649
15187
16505
3465
2559
7513
2883
33570
17473
5586
2819
18449
5647
16601
20473
16606
18004
5206
8282
13474
15675
9301
3635
2265
11670
3632
10113
8525
22136
7945
11971
4023
21732
6236
14006
32469
8271
3908
3628
14926
10662
25014
5082
1200
4875
12699
2229
4141
6116
19204
1551
18776
19790
13247
1243
1200
1176
2944
5487
13640
9361
10669
10225
2612
6657
9886
8791
3876
9506
1957
1334
3724
10382
4866
12476
1677
3018
9397
2097
2284
2239
2318
13261
10411
13315
5362
4140
10558
9968
1586
1202
15016
9505
10620
13395
10102
14819
7129
9594
11437
9393
5765
4794
7048
2022
13495
5867
7541
16865
2972
8706
2644
21039
4065
16499
10494
13898
5227
9584
23290
9157
9016
10640
19796
2743
3368
17787
8105
19282
8765
30033
11619
13148
2784
10824
1523
2316
4625
17599
3541
3098
3720
1054
5986
3717
3442
6501
12262
6674
22956
23739
8586
6216
5158
20113
2343
6118
10027
1642
1351
4899
4415
4376
5495
3135
14513
1632
12801
2217
3656
15926
2612
6379
21496
6849
6957
18332
2174
4524
17350
9992
30413
2107
19635
12743
6660
18302
4349
17559
9564
7033
15740
23310
3070
28604
2745
15679
5055
4570
1976
9644
4084
8244
9923
14923
25659
12271
1261
2215
15940
16977
13825
19549
7868
2943
1287
8162
6022
1369
7470
9207
15171
26303
3794
10638
23383
5160
2867
6774
6033
3511
9895
15166
11836
10381
1211
2932
14347
9899
12644
19725
11039
4098
18557
15052
1161
10053
15280
13218
2294
2712
2712
7695
2027
5391
5162
3387
13554
1176
17828
16405
20602
2363
15611
10375
3064
3231
1568
2035
3837
6728
8797
18263
7138
2745
9929
3202
13483
19721
14999
10539
4729
5533
5847
8295
1608
13182
7829
11568
7092
1639
14226
1577
11105
8636
16798
14915
22258
8890
7947
6206
2339
2509
2124
21264
7486
10567
5086
5774
3114
8904
1288
12219
5561
2342
2800
17626
10446
12663
5044
4667
6750
4202
1802
1835
1837
1863
9317
1360
9898
18482
29305
17608
17095
17001
2369
17122
6878
1300
10523
1142
13654
4188
8876
13134
15012
5014
7196
2524
3873
11855
8333
4397
8445
8583
2122
4274
23493
9426
4820
17121
5983
7865
15540
1144
2224
28075
2981
12594
7348
11040
9938
14591
21581
3254
5196
12455
14499
9816
12148
11074
2476
2463
2339
18091
23999
16439
19420
8551
13302
11833
10255
3879
4398
7054
18709
6948
7223
14256
1358
5209
5648
22418
24503
4607
7385
5438
7295
8809
9923
2477
10657
17368
6541
4070
5199
1102
11852
13080
19382
10432
22401
6341
3788
18935
1587
3778
3018
3231
9713
9887
8026
6306
5824
8224
12170
8546
18856
5119
19222
11379
1755
5507
8540
6376
1571
23638
5820
10515
17402
6082
3314
12880
7784
8666
18464
5960
3245
21687
8844
17360
21693
11482
19742
11269
12989
2797
18377
19261
5029
12869
9153
4464
4885
2780
8945
21312
6642
2567
1938
21287
