39
52
78
510
9
1
3
3
2
74
14
102
90
109
385
340
3
12
2200
64
481
7672
172
1
2193
9
1095
204
167
140
8
63
2779
2404
7
574
255
1
9724
2945
6
110
508
542
825
342
5
1
537
1
46
53
206
278
175
50
2393
2234
3207
6806
1
53
70
10
1376
623
351
549
671
213
8
6
160
6
13
1
1340
12
4756
349
128
37
498
1086
6
70
254
3
141
13
4646
1402
3028
584
891
10
72
7119
1928
12371
3
173
8
1
1148
10
11
9
217
55
19
45
4
34
7
40
527
421
6
537
14
94
76
4
32
130
57
197
10
5683
2707
72
1
12
36
1736
347
608
10
39
15
14
279
108
71
285
42
255
6
2421
287
1023
162
10
1
15
11
80
53
48
63
3893
2299
2692
89
9
140
1020
9
1613
246
8
594
1
96
12
169
7
83
4825
63
693
59
158
1476
3
96
49
11
81
523
50
3206
127
78
1
76
7
2
54
36
1
14
43
1
8
11
1172
42
134
2457
8
13
1351
757
4
900
2803
2
11
12466
2
264
125
1
3044
64
165
1204
165
57
44
1616
754
55
233
34
1
115
917
5
93
7
1638
1
57
1
11
14
869
86
243
248
441
306
772
123
103
381
91
402
13
420
6
847
235
4022
44
89
6
8
568
168
812
1878
2
93
2
79
1
5
433
70
99
5
1
34
87
3
4839
411
285
5
447
1677
96
1088
15
917
8
62
1
9972
653
81
62
286
4
180
52
65
9
1144
139
514
151
10340
1
559
1
15
4059
10
59
1526
3171
97
178
532
177
5444
61
1514
198
4406
4
107
839
997
234
43
49
480
10150
78
5
10
107
1
115
259
240
12
37
1113
332
533
45
582
152
931
11
95
614
116
91
1156
1
358
172
508
155
861
143
98
1267
249
11
48
309
1042
7
507
602
1304
71
39
126
3985
58
192
5
5638
44
1651
45
1
3128
14
98
14
2
13
59
177
3929
166
9
1
247
342
2035
149
105
103
234
7707
46
15
510
1
1
62
84
1896
95
1079
55
486
146
4
9
547
81
479
12
77
5
6
161
4648
214
49
1
1881
1961
139
1
51
6263
39
459
825
14
554
52
182
3246
1729
127
229
1
124
1
1109
10
13
930
737
177
6900
1
2
73
10
12
183
56
3
656
3
590
2244
1
1
8509
922
88
92
9
38
38
337
322
114
6355
44
3014
3469
12
139
171
1
3585
15
735
93
69
63
96
62
9
147
198
440
1506
262
2445
393
504
296
58
5
5
238
1
794
8
1
178
686
533
98
6
41
15
8
830
337
4136
539
805
9
458
7
327
160
36
468
110
2120
2196
324
9
59
131
1015
8
1
3929
2
37
1
15
86
1
1464
7
11
32
296
1310
53
7557
82
512
5100
197
142
3
127
1
15
117
9
11512
43
9
12203
6
1
92
117
322
370
118
15
91
9048
524
109
14910
12
4532
101
194
2463
3
106
9292
115
2098
37
11
35
216
15
29132
122
629
2043
1092
39
6773
1161
7719
103
1229
1
1
52
313
81
13
96
1256
252
14
170
1
36
315
159
2
629
11
7
1
170
12
34
1782
11
3472
44
1
1846
196
165
39
11
3654
7
81
765
73
5
9
210
41
2620
12
13
1247
48
847
9
201
10
11
1
2
975
1052
2
247
90
1307
10
12
101
7
165
287
750
1
6
1
811
14
1
9
1
1
2
128
1326
489
627
633
461
8
1
7835
2021
46
517
914
38
3289
588
1592
124
1548
153
4884
258
489
132
8614
10
457
14
5
200
129
701
979
11
121
497
96
2
215
826
102
56
1
4
7
48
1562
70
5
3
190
10326
14
7
64
1
221
1667
314
470
690
157
515
905
38
210
42
3554
952
69
2720
11
368
1432
1
154
238
120
13
50
5
4
111
13
66
190
64
6
70
1
12
1541
46
14
226
158
63
5703
2602
2157
49
2
549
892
33
12
111
444
54
176
8
677
194
340
109
3
71
698
180
97
92
4
74
4
1
60
62
6749
9
41
1
336
99
169
10
859
11
10
15
11
139
13
1022
8
1
180
84
155
100
134
57
71
6
6
12
11
7
150
574
92
1
429
214
4744
73
324
6
80
2087
319
1108
641
79
89
2146
1375
11
92
223
11
37
2313
81
5859
7
3070
521
174
4
4
2317
395
10
61
9
4440
640
42
908
248
618
14
11
49
1326
2832
346
50
67
571
87
120
11
42
93
2
9
3346
529
48
244
685
221
8538
71
78
1
11
42
510
1
1900
1626
11
11
37
3022
108
11
3
395
176
81
5040
68
157
1119
260
15295
94
14
12
4316
110
1153
214
13
1
63
94
69
1484
56
99
314
267
78
463
4
2
4
943
369
13
1706
189
8
13
456
3207
113
187
49
63
134
47
49
12
10
45
36
125
100
133
13
11
45
1
61
96
84
1
382
86
607
52
1
1
1
9
66
13
69
2081
8
7
2243
3
11
1
880
264
40
370
1
4
8
2198
1312
114
6
91
173
4710
35
10
96
143
78
69
15
73
1
2035
53
1
86
1679
194
17
191
67
10
1
52
159
3
35
3
15
108
79
114
74
1150
115
40
15
43
2291
106
141
687
14
149
14
10
4422
305
8619
1
8784
1
654
6400
14
7
1
1926
83
15
46
2952
58
40
921
97
260
505
175
84
12
71
12
1129
3247
1
5
1269
888
4
41
1
242
5135
110
521
4089
3562
38
250
56
12
750
82
1019
4582
541
422
1551
12
41
1755
90
66
459
126
108
4
13213
8
98
5
12
76
193
239
92
1
1270
11
7
2714
10
65
10
235
12
1
154
997
235
2
7596
322
5
38
73
8
5927
898
3975
7
3
14
318
806
1
4353
2153
5
83
409
216
926
55
153
110
10
1
227
31
86
1416
388
1162
11059
118
37
11
6
1
823
238
7
35
1776
11
64
1
10
11
1
1
137
123
76
147
398
65
120
15
236
656
647
9
57
147
14
546
2193
15
80
105
339
2
43
3406
273
1
502
39
45
262
308
384
1822
4
10
591
408
6
9
2748
906
683
66
7
244
331
98
13
2032
1
65
298
696
3
117
1
3237
4697
2006
46
13
1619
575
11
1
105
286
319
49
36
168
123
1729
5911
226
766
109
447
80
85
1
329
297
10
265
9
36
1
552
69
24
48
5163
479
2045
605
1724
515
4317
1140
1489
156
13
6
115
63
8
3
45
6513
986
171
40
15
628
3
136
77
12
45
9954
1442
1
1
1
40
1
33
9
15
147
12
9122
3093
859
10180
118
1
51
15
11
11
1
96
1
120
123
74
3
86
7
15
9
52
119
4262
19
1
5
585
1686
1671
16
169
10
4550
15
132
744
42
52
12
6
918
170
496
305
47
10
11
1360
67
129
1
2
2278
356
54
12
1
164
1
9
3
10
3
62
670
78
11
5
14
3
741
252
147
86
226
121
6128
184
505
403
1
60
1
14
370
2282
1625
7583
301
14
141
44
466
147
10
1
55
624
69
25
173
220
131
15
4287
5431
15
3474
116
90
1500
591
44
70
15
2376
85
1
200
8
1
78
205
6
2059
713
12
7
37
55
14
2505
12
904
917
528
31
94
4416
254
233
11
45
3
35
45
1
64
45
1004
3
5
494
2320
1015
1
5
103
1005
548
7899
17
7
123
96
2
2679
3
161
2005
137
182
265
51
18
812
41
26512
1
1017
71
627
3393
13
189
87
713
1516
15
34
98
75
2
311
59
42
1535
5
66
624
229
192
1531
6
184
15
1935
10393
213
250
5
145
14
1
59
68
26
1633
314
170
205
3780
266
5
250
98
383
5
43
72
142
11
3995
10
899
94
336
26
100
61
7012
10
1531
10
21
20
13
44
15
9
31
10
9
6
72
1116
50
2
215
2595
73
9
3
15
71
1
2
54
71
513
6114
15
176
1628
2117
65
65
548
15
595
1187
39
8
2
7424
9
65
217
391
9487
5309
303
1
134
79
10
5
928
5
60
1
1
14
176
461
67
6
13
5
383
448
4511
7
1
49
8
53
6
71
46
6
1
1
8
9
286
105
763
12
678
5
46
41
360
3
456
1
10
1
13
315
51
4
557
1
122
1
1
39
11
15
231
3
2
12
152
15
12
3
9648
3481
1
112
10
3679
114
78
2
1
108
1040
14
15
32
1
293
176
462
7
157
22
83
8
9
89
2368
13
792
1624
59
83
347
100
509
7
1468
15
1309
8
51
8
43
2886
201
3243
6929
36
608
191
4
70
242
8
150
39
53
10
19
13
1924
64
105
2632
1125
4
11
208
878
37
52
254
2707
1149
28
45
41
135
36
2579
1890
1
1654
3
4
2058
15169
514
7
252
5
168
253
13
124
1243
2277
60
51
147
8
33
1
303
247
1402
132
493
289
8
33
34
1807
9834
5
56
1
364
128
204
9
6
6
34
7
128
528
1
97
1
9
284
507
4
181
2981
9
7226
58
7
722
455
965
114
1
4
10
418
92
201
1
47
32
75
874
78
61
64
608
2166
61
86
123
1991
308
6
4295
3
3
45
183
14
1
495
3
1
79
13
447
9
4141
14
294
1004
73
5
63
557
875
467
3159
212
68
9
2987
67
32
114
166
209
1087
67
378
339
140
3
64
1898
147
91
882
44
47
2582
2
144
1
371
2
123
3
2
9
55
1
31
30
230
40
7
4381
57
14
13026
643
1
6
3
1
490
6
229
206
3
2
7
2345
159
13
963
74
1
15
348
14
56
94
1
160
55
962
420
1772
1932
361
347
6
72
3132
14
13
13
77
84
40
682
95
1761
14
14
196
62
9
2
99
116
557
679
9
659
1724
6
9
117
151
35
29
159
428
2570
144
1
9403
373
5
1432
12
36
448
196
4648
189
9
10395
1
11
146
3250
517
120
67
3380
4
1
6
447
218
53
46
1370
6
485
9461
191
1
284
587
1
1318
1971
34
77
1264
2013
10
74
185
124
887
1523
15
12
2161
3
1806
466
698
502
89
89
2371
5
1
15
74
43
98
772
13
70
1131
4
11
168
1
2200
291
4668
86
4282
1
353
5
1
763
2566
159
39
2
198
683
1730
1
1
332
3
11
14
594
1
3
1965
989
139
1966
115
44
6
1901
7
397
5006
518
6320
386
12
1
3712
3084
2952
3
13
140
193
10
335
70
3
75
14
14
1044
5977
75
203
298
227
140
10
33
50
11
14
2979
5238
13
38
13
2579
1689
1
48
11
444
14
4
77
88
97
105
791
1
1722
319
152
1083
245
13
67
5
22994
5656
1
3584
10
10
13
22050
24
953
381
5360
74
6
1
1273
190
146
1
13
11
2
98
345
1
97
68
3107
2
901
11
63
2
2
103
14261
182
333
664
882
47
7384
9999
343
9304
39
9
147
437
1272
10
1041
2087
2665
8
100
9
69
104
202
99
216
4
417
5
75
1
31
3222
12
9
149
132
14
10
1
11
11
5
19
538
73
4
1865
264
3116
12
1
44
138
2602
272
3
15
1
2
13
104
11
7
39
99
52
73
117
1241
1
176
1
1
1046
2247
236
12
5
94
5111
8
28
1664
12
558
262
65
7
76
24976
43
3103
194
7
1726
243
43
449
93
44
243
9
3864
47
7
58
124
98
1
9
711
525
46
11291
7
1017
832
14
499
1932
651
43
1598
1
1251
63
160
6089
4
596
6575
244
753
110
14
3
55
112
941
6
1
380
3
97
102
3
68
117
280
308
11
76
948
93
89
330
1
1167
94
6
1
1499
6
247
15
11
847
1201
2852
3
1
4
2183
7
115
90
402
93
755
6
15
4
315
1720
191
106
1
1
14
45
2
1056
2710
137
18732
117
10545
61
1984
212
1270
56
1
134
6
515
107
1276
7
2
1
531
61
57
156
511
1353
85
11
628
2327
53
134
5779
743
9190
868
296
13
1487
7
1564
78
7
1226
6
14
9
36
69
1679
1514
98
367
406
1861
199
554
6113
33
1
4872
724
133
136
375
33
37
55
3530
3413
549
1
45
9748
157
1636
2
2144
4
409
532
1018
91
34
208
463
1
167
15
54
40
129
10
177
1844
534
53
90
212
6
56
1810
109
1
36
63
207
10
228
288
147
60
1
23
48
15880
168
7
56
13
61
53
20
8
94
1
53
35
4
10
112
2757
7
75
1
111
6
405
708
1
10
477
14
261
2324
185
1224
4652
559
1024
4
1
358
67
131
67
1
979
72
14
1
1360
11851
209
5904
1747
161
2592
13
98
1
14
174
1406
121
144
722
38
577
302
676
77
6464
137
6075
39
230
952
84
2673
64
940
2026
10
10
900
8
9
3008
2373
48
4932
7
9
145
110
1950
10
13
1374
15
2013
13
56
13711
577
74
323
9
2
5550
33
532
9
3642
15
13
75
1
20
712
9
94
1905
4881
36
197
404
11
10
168
13
1
61
226
10
117
1317
62
13
119
881
3088
9
1373
7
141
987
9
15
111
79
83
480
631
15
978
15
97
86
14
2605
518
19322
520
1334
1
2777
59
90
40
43
62
1
2
6
13
10
1
53
55
31
46
615
46
811
3493
974
710
1
1345
14
1
130
33
5
87
455
1989
77
210
686
8494
469
1
183
2010
80
1
36
4212
2688
1888
14
36
1
14
7
14
1
2365
1
445
887
561
4710
4
1
9
1
5560
77
10
887
84
198
1
14
1
2107
48
4
1
89
13
98
5408
108
6
1
837
1
6767
1890
13
1351
720
2644
7
3522
100
129
145
148
58
215
169
51
1
1
12
22
8
43
23
1
209
419
42
247
46
12
74
156
65
1
124
378
8420
11
4767
15
15
1
3478
180
87
927
53
47
10
59
119
15
2
122
3825
4315
327
46
71
7
93
367
1264
64
355
7
67
1
98
154
85
702
4002
1551
72
46
10196
1418
2
1
8
14
7
6737
1
2807
66
70
10
472
201
1
5
586
42
1946
78
9
35
55
1
120
798
283
10
5
1149
10
1718
2853
29
114
139
452
1
11
7
67
8365
1633
208
409
195
2579
49
11290
20974
5
3580
2579
3070
3
88
566
240
1190
2
8
1
11
108
1
464
587
1
3
3
12
981
13
195
905
10
43
8
1793
38
1656
68
105
279
2
4578
68
281
92
158
126
171
12
1003
1
141
13
1
3
931
4520
15
1
4474
164
7936
211
82
69
1209
9
1
12279
74
319
5
103
104
172
10
469
3205
72
92
165
10713
41
308
10
370
655
211
15
14
131
36
652
810
3070
517
551
416
7
4878
118
151
129
81
8
1
71
71
44
9
1
1722
170
9
421
1391
49
561
275
11
13
144
218
257
373
96
267
1
1
2731
6
11
11
6
619
3796
14
237
86
472
11
10
147
5
9935
9
126
182
4
1
43
85
6
509
1
3290
135
5
1304
128
51
1141
119
116
14
8594
85
3
650
28
1
40
13
1391
6
2133
2
12
1
686
1
202
1
2
528
223
3
69
87
1462
220
921
10258
11
56
4227
4
79
1147
236
311
2
2
1
615
179
349
33
1
10
225
58
60
1
6
153
15
100
3751
27
649
89
86
3432
78
136
76
781
1703
1626
165
3
14
965
67
965
1115
182
161
65
1
851
15
7
14
300
5
323
43
49
46
12
202
1
74
6110
211
96
84
245
215
303
44
107
2
267
1705
113
139
15
1508
76
182
687
5
8
85
15
15
14
83
8
5
2
13
64
117
105
515
87
2251
296
102
3981
530
3030
6
1
89
1
5
2209
1144
1
59
11
2121
3921
9684
7
1696
7
903
56
42
91
5
44
70
1
723
1292
3
200
6
113
13
67
564
218
5088
757
116
301
2644
3845
124
3738
12
2327
51
1560
2214
9
56
1686
418
11
211
153
4265
1021
41
2
93
3739
57
113
816
102
2328
171
9
8
6
63
1
151
1
157
1122
1
12
81
1
14
76
135
1207
46
1
7
5
1931
59
221
2003
111
319
10
13
34
1371
167
2
590
2179
73
1860
5
151
692
485
3024
1839
240
73
12
79
11
905
234
246
160
693
1336
13
2
13
1
75
241
42
187
639
1132
137
6
3
11
3
790
740
778
6
79
5056
319
6422
37
127
939
130
6
1012
44
2968
1395
138
153
3
58
3378
4532
1
115
79
857
11
242
66
226
81
2037
226
5271
13
493
6
6160
318
1
39
674
6
657
752
177
89
549
89
11
12
1982
805
5675
78
42
2
4
156
1
1
42
12
113
305
1
65
1
60
2
3
794
10
306
131
2
618
4669
41
78
1
72
7216
245
1
10
61
96
1
243
468
616
224
148
62
1
2734
570
165
1922
1523
78
479
15
1368
175
97
53
73
1
67
10
939
657
927
56
745
64
1
1
2
590
182
145
172
76
816
386
769
389
62
35
483
6049
1472
393
1
212
1
4854
2222
207
99
4
14
503
664
152
973
79
8
619
33
720
912
1
1
30
264
45
1091
92
1
132
2197
7
583
6
669
49
1
12
202
237
4621
118
141
683
75
1904
32
383
134
234
40
55
121
1
209
11
1006
1
52
1
4200
328
3
2539
119
10
13
6
1
1
80
96
9
4883
5
113
36
2
3592
105
69
15
4539
15
126
2107
77
10
1
190
1346
3
236
3306
2901
211
12
98
175
1581
169
14
35
92
12
4
36
28
4845
15
2
632
90
5711
2700
1093
15
802
70
852
5
1
113
2661
8
227
3081
65
263
12
64
1216
92
1213
1
1
5
1
10
4
54
48
3616
63
48
1
8698
427
4
3844
10
334
250
152
7
130
39
64
133
8
6734
9
143
4
426
98
108
15
3991
101
22
14
3
125
1244
64
49
199
9
270
165
189
1
4
5
2246
3480
15054
679
98
134
269
377
101
13
566
1187
10
1
26
149
9
848
1579
384
1
11581
54
4264
802
1186
1015
3912
43
5
1
268
3429
2482
1671
1
11
157
560
43
496
12
492
84
821
1
4829
6904
458
1
122
4613
754
5
54
40
112
9017
673
7
2764
85
1275
146
1
82
64
1871
37
326
37
1150
101
8466
9148
320
22
169
10
4
31
115
39
3
13
9830
112
950
303
3255
35
15
90
10
1741
45
6
183
54
2
61
73
84
440
1856
97
1
459
537
45
10
3
186
525
10085
10
2697
429
1
84
4162
340
478
11
370
80
14
181
1128
9
14
170
242
4
10
1051
1
46
109
119
44
60
68
42
454
597
5
8
56
3
278
60
65
8114
197
307
3
385
3244
4
3797
15
15
68
1672
6082
1271
3212
6
37
126
237
103
56
154
126
12
50
1318
9
2666
1
1
61
34
81
1
100
152
2206
40
14
71
119
55
176
3292
974
3432
1
2000
1
9
90
62
606
7
10
13
9
480
12
95
39
10
12
15
9
462
11
13
112
110
250
1334
145
3098
3956
1
51
1
11
10
114
109
1
179
2669
31
12
76
85
1
1183
647
106
107
2
4
14
235
12662
3211
1
131
3
491
13202
79
1
1
10
504
221
142
5
259
2377
93
127
3
135
1364
1
2066
7
2
44
285
2837
551
56
1283
2803
1376
1421
1
10
4595
3
11
1804
4
3251
405
172
11
6
222
112
58
10
252
6
14
92
106
12
2
5
110
91
5
43
99
11
2705
2495
8
1721
112
2483
36
788
252
1
1005
10222
4
3618
7
11
2025
77
74
45
128
376
203
71
184
734
51
43
159
73
126
843
105
473
64
15
718
1
114
1004
84
3
1
2244
78
2812
764
1
143
59
12
10910
288
1
1272
5956
52
4404
4
14
10
3349
544
238
191
7644
47
940
8
1
22658
114
85
12
15
778
34
1043
11
5966
46
2598
12
1576
123
4
153
10
11
30
13
99
2326
1
13
233
172
1502
68
538
5
3112
118
13
335
110
316
222
8385
150
1
77
1
9
1
682
138
1338
111
2984
150
118
71
80
92
70
91
13
1608
4713
1599
355
161
7002
128
55
196
53
189
3191
1747
43
15
9
71
38
6
83
144
7
9
1133
14
522
716
47
3
218
448
14
8
1442
391
1476
127
428
14
58
1
142
13
154
225
134
1
97
8030
15
477
4
219
15
1
9
88
49
37
11
4537
781
4
221
159
7
54
7
218
9
11
111
225
10
901
8
109
91
40
15
159
68
5
228
183
190
2476
838
127
68
586
529
187
68
745
6
71
115
175
298
138
4008
225
280
3
85
10
549
39
46
47
1002
251
93
25
4092
14
103
199
14
48
62
6
140
2367
328
51
117
248
106
51
194
224
5137
1
132
9290
3
41
472
1343
67
186
14
109
51
2
59
11
148
5
8
13
190
7
30
768
58
3
141
40
2
7299
432
1
626
1
4
841
58
90
10
11
9
230
2042
13
3
1298
1425
84
12
1
56
60
11
12441
109
563
1475
5000
9
1
68
1882
707
10921
140
3406
388
14
1
233
202
5
35
30
243
199
58
3
878
11
113
45
1
54
879
346
1544
1
4009
1
1
9
8
153
372
101
1214
11
4
8
8
1
8052
133
594
97
12
14
32
194
108
9901
71
12
12
57
193
3
66
223
3153
1
418
9
1
14
55
2276
71
9
215
75
10
1
47
11
706
467
14
1
1
343
1
26707
189
363
35
1362
201
5
13
12
6
550
1
7
1
5
8
74
3
1
5900
953
168
190
152
224
32
2661
77
1
9
5665
5
164
1
791
10
1370
228
833
7
5
141
242
37
7
65
2091
1
4
368
74
116
1
4145
3655
106
1003
272
81
10
82
1848
1
3
342
12
428
11
4
164
336
9
40
11
4
1
41
45
12
10
48
6
13833
14
1
14
1199
4
488
1901
1
12
11
185
73
1
12
134
311
35
8
1001
76
1825
129
376
133
260
13
620
526
828
59
1
1419
113
180
205
331
1661
805
11
4824
13
1
1500
93
152
5
128
9
117
322
1626
2
159
1
1101
46
12
53
20751
70
4046
380
51
51
1955
2514
1
1757
72
56
9
326
77
328
11
11875
90
6
118
684
761
2343
56
385
376
1
77
3620
91
20430
216
1318
1
126
717
7
9
6
2
4030
2522
42
64
2425
2598
5
14
35
76
3210
2721
3062
59
3
1
11
73
155
72
1386
164
1057
385
284
44
13
641
1573
1
104
28
245
93
180
4
3
116
3515
7
55
94
20
4
37
168
49
32
54
1
15
31
462
1740
240
10
857
214
48
96
389
43
345
5881
259
62
8
62
693
550
236
38
1
602
59
51
5192
293
345
1
7
111
1
8035
2677
2
47
120
1
57
1010
76
1
110
141
54
3342
93
3158
1681
8
7
4
1
1775
1
9
1
286
99
152
10
329
82
224
10
637
1
4721
1400
96
1
44
148
1
349
15
52
9
214
1352
53
11
1
10
15
12
13234
41
127
49
24
93
1
11
4468
15
82
4600
174
15
324
114
4
9
2647
6
42
36
277
15
40
4454
209
3
3175
12
414
75
5
172
12
11
533
68
2851
2273
1
111
294
3
10
144
9
3
1
14
1270
41
3053
14
240
134
31
581
11
109
4202
3036
145
23
6
40
1
74
65
65
450
104
703
4
3
112
71
3
246
6700
388
7
6
4496
7
570
13
12
4
1
328
36
9596
44
490
2
1020
2
74
1335
78
2523
14
5429
406
14
1631
13
122
72
99
682
4283
3400
14
72
13
14
1372
13
40
11
14
59
2
14565
392
1201
68
1619
119
9
41
45
863
1632
45
69
55
10
3
1
1437
41
529
1
81
685
3403
6
599
1699
392
370
174
443
4
3
165
15242
191
74
13
3554
127
83
12
32
137
239
841
58
394
332
541
124
339
7295
56
121
213
1289
45
320
14
1
44
1
15
6
909
143
248
57
80
137
4
320
154
1076
10
4701
655
2709
1
50
47
55
8711
395
1
63
382
87
75
97
8
60
5256
1
190
222
1927
328
1
2324
14
335
327
15
2057
1101
172
3
7878
231
1179
55
523
14
613
1341
15
7
116
4784
33
5
165
39
61
1
1
5
124
5
9
2
2088
1106
99
17
78
49
51
7653
56
170
3
2934
404
247
2
51
4
14
1
10
136
1834
8
58
1
768
262
22
866
120
343
11
40
1
46
1688
382
164
7
15
5
49
27
10
182
142
39
9
75
210
74
14
52
210
429
15
210
452
112
7
95
4680
1
431
257
299
6
1
519
12
100
115
1
22
1055
2
7
4
116
67
537
3697
12
6
6
32
4
428
9
5
1
74
25482
151
2
3227
63
131
11
82
145
10
4498
93
1132
93
48
56
15
5397
3110
47
196
115
13
38
83
15
285
11
99
56
89
8
179
92
1
1
9
11
2730
7
113
11
513
1
191
184
3237
1
451
966
909
154
23
8
68
188
6
6
11
67
13486
628
7
100
525
3959
56
9
1
207
7
11
13
188
83
1
128
660
85
91
33
15
851
4319
1
3572
118
119
167
77
62
1970
260
3
9
154
5
53
9
1
46
1
4151
833
75
8
11
1
76
6
73
11
95
2713
1431
109
438
2
3460
1860
1064
2228
111
1235
105
2932
48
61
2169
804
711
15
185
1
5
209
9
802
5404
10
37
474
10
1
75
1806
11687
2674
49
163
180
662
4
94
9
3
50
189
80
15
14621
93
119
81
57
177
132
9497
55
65
92
153
10
1245
13
585
15
89
737
162
245
756
13
363
138
2325
6017
1493
40
927
6
563
8
44
80
1058
1
13
175
2691
2075
187
1362
13
3917
1551
2012
2517
9
73
140
2
42
6582
24
13
431
1
109
2685
69
193
6814
11
93
61
2
36
54
68
2
10
14
80
8
13
141
128
1
37
180
191
50
594
102
7
68
14
902
4
52
3
15
2038
144
131
1
40
5195
58
792
116
68
11
48
31
1
385
153
1478
6
2078
13
1
3
6
167
4367
1112
83
1
367
2944
11
279
852
70
5
1
2813
1
771
100
1
4
1
140
107
1307
4
621
2
864
43
4640
135
46
68
13
2421
60
73
216
720
79
14
2166
77
33
1692
2
329
1
8
835
1406
1
2
50
5248
66
3908
39
1
13
3073
453
8
35
74
498
103
1920
1324
414
668
106
1018
11
7416
425
919
115
1
1
219
1061
10
47
1
40
330
190
1
659
2668
7
1
62
63
11
11
800
12
1762
1
3557
984
5384
2456
6
10
95
6
2466
2045
60
2689
58
10155
1488
1
5708
113
1275
143
10
1
55
69
5008
711
16029
6
9
94
992
79
14573
61
2
300
249
156
97
11
30
2
278
31
1
10369
64
873
12
3
916
1653
64
3254
2
6
160
36
5
216
462
227
6459
695
652
1617
1
1
3766
1
15
8
10
10
13
407
568
1
1
76
13
188
1
377
4
36
96
12840
42
14
415
1440
4
1
1126
62
1
2731
1059
307
870
31
37
73
5
14
1
1
175
64
83
322
57
7543
11
11
11
15
5
16
61
140
180
12
1
946
1
5
86
10
1
108
42
7
571
42
50
1
469
12
594
1689
39
1
320
1
98
122
51
1
1110
96
207
6
600
183
2372
2
185
39
215
1885
1483
55
3
742
4
1
41
82
48
9
12
105
13
322
791
246
12
1134
1
1709
366
5
29
4555
1309
2009
444
348
156
13
168
51
192
324
94
2
12
350
1344
8
39
11
503
1
11
611
1
1229
7
1592
33
95
423
191
7
6
9
3037
684
93
611
235
3093
1790
108
1
2186
668
5809
779
1
68
76
15
6
9
37
1
68
3531
10
162
1
93
56
2
2076
1796
76
1
1
2495
3946
17
153
219
8
54
12
131
50
873
773
555
5
1
360
1531
1202
829
12
143
142
47
1
6
57
51
52
228
1967
75
37
632
1
11
47
54
123
39
355
1
6
6
1504
1
1
13
63
11
407
2
92
651
12
47
51
9
154
188
81
58
103
1358
1
3756
378
105
85
563
38
2977
92
7
83
768
50
9
13
3065
264
112
331
49
8430
39
99
1927
41
11
193
160
15
43
49
105
151
1
4
7968
1202
66
13
99
5
2
5477
170
173
89
8
583
1
1
261
103
74
69
14
8
49
1
522
149
5973
2905
625
2198
11
49
267
8
100
1165
7
252
2299
100
153
311
2465
94
1124
71
52
87
528
3
1057
1
1
72
122
90
1
227
15
1
497
1
1227
1
159
1383
2445
2997
9
209
1023
1
28
74
1472
987
44
4869
9
3405
52
5
9
11
152
3046
3
2
45
12
85
107
111
133
950
344
1
106
46
126
213
11
38
622
7678
11
60
12
1
5
9
3
1406
1
3008
460
354
248
7
388
1
1
1
94
94
1151
73
135
48
13
3919
59
150
2970
15
10
76
5016
413
800
15
2123
481
58
13
1289
62
53
420
8
275
3092
95
569
15
6
13
215
42
14
38
1839
15
70
312
1
193
2661
204
281
1599
3
886
77
96
205
69
13
68
154
5136
55
57
762
171
558
207
1777
1
3
364
13
120
79
29
107
58
38
80
13
13
7
275
8
528
1
3
554
1
1014
5361
46
84
5
1
1
1
10
6919
2
12
118
1570
1304
39
140
45
669
85
76
132
42
1597
32
1
49
4
1
7
231
2307
71
1
1931
149
1
8
1967
1
1
1
5
179
3
11
8
57
149
15
199
82
58
59
2
472
43
1
9
325
828
3
49
67
38
150
3059
52
113
45
13
5
11
13
80
57
92
12
610
6196
166
32
94
86
9
15
11
9
1495
8
226
691
2041
1
77
69
4534
493
1
67
403
15
430
5856
1
3121
1
199
414
2310
1
7
356
9
469
789
3358
8
9
1352
424
93
104
148
4639
7029
11515
61
240
14
1823
80
236
2146
3
51
1
1207
7
109
227
927
9
3
3
71
388
11
3309
4
96
7
4
1605
1531
68
94
662
1245
63
91
39
9
11802
18
166
37
206
70
1078
14
105
120
1
1
8353
203
4
67
1
39
29
1
29
5
3
1422
156
9
66
1
12
92
48
11
583
39
4
9
10
40
86
118
106
705
161
301
5194
9
1812
7
133
13
3
5
1
8
12
61
3
61
733
1255
205
4
1
157
45
12
301
2
7
1573
181
193
232
1
6
469
7
5535
768
1
10
4
110
64
7
48
244
1
61
55
14
1609
401
63
10
11
83
12
34
684
29
2
98
1
143
186
4
47
28
48
64
33
10
9
1
11
13
93
3
1220
875
13
100
595
202
2
187
144
1
23
8
1065
49
3234
51
165
432
7
51
27
67
93
227
33
3862
13
478
3506
2562
70
2
2039
42
72
156
3680
3331
15
273
1
162
128
2994
864
3093
15
527
4
6
405
1584
58
1113
112
3
35
59
911
61
1183
5727
12
2116
154
228
70
8
5
47
4515
9
5583
181
498
10031
5493
683
9014
9
151
1388
161
1
272
6909
11
3017
72
222
1
1
7
2
1
143
3
131
185
53
4
2
765
286
412
174
13
122
164
57
71
8
1886
2
271
375
7267
3
1211
107
47
1659
1933
3336
9
35
1
89
434
56
12675
10
39
46
1
1
1677
10
15
1127
47
761
54
644
518
1949
3
111
4
1
10
386
9
13
1452
38
1278
297
1
69
1
918
12
44
1107
2601
121
158
32
15
1
89
562
585
15
8
26
12
3873
13
1036
119
10
602
6840
35
87
1
222
621
84
14
163
114
169
5
97
2397
2042
2621
41
3711
144
45
234
6712
7
105
30
135
6726
1150
1
1
14
7
149
174
47
36
202
1
3
1
82
62
2387
13
169
134
1
3661
57
3
607
55
70
659
453
780
47
1264
42
31
4
5
337
5
601
14
11
65
15
2
2
1
14
1
1
47
149
13
3507
2436
341
96
344
13
698
518
11
74
246
5
13
8
44
2256
203
96
14
1011
13
118
74
14
1
158
15
1328
1301
78
1
585
3841
287
652
64
1
478
126
55
10
1176
90
322
1
440
13
1
209
79
1
47
51
2918
2
1
58
6
34
62
101
5116
3984
501
1
206
70
70
1
1024
1
473
131
147
78
504
44
4
70
100
46
50
3
28
1420
818
10137
8
4186
38
440
1
7065
86
42
11228
62
72
111
374
193
465
14
1925
1
105
8
185
152
4648
13
87
12
80
608
560
191
642
549
110
1
304
404
4
230
477
52
60
7867
118
65
40
48
45
479
66
186
74
739
712
604
363
729
78
73
52
111
8
10
228
2
11
324
5
115
399
1923
149
1695
1
1
15
8
3
1025
102
4
41
5
11
11
1980
292
65
3
1
182
5182
12
3
2
13
338
6
7344
451
745
1785
504
10
62
140
1
13
79
43
1
2
12
86
1
477
102
280
511
171
462
1278
11
1
102
1006
2853
13
3550
10
8096
1
2420
589
4311
6
1539
1
122
8
15
8
1
54
2517
667
131
47
539
6243
2
49
10
19
1
1785
71
83
66
293
80
1
6276
2706
6
134
46
41
581
5
503
1
2
390
91
1786
470
31
39
7
51
903
1691
1
12
59
1
1
12
3
1
9
4
271
5
756
58
928
48
60
588
1633
8
6748
2674
91
215
1067
44
878
1
186
88
15
2619
128
358
12
3299
112
40
5091
1
1148
1777
66
71
12
64
2561
3
23
847
448
1565
487
438
1
1
100
1
1
20255
87
4387
14
37
303
7529
302
9149
477
3590
250
116
3189
12527
125
106
1
165
3867
78
72
27
66
99
104
129
6
35
5038
14
6249
152
392
15
1
95
11
171
111
11
31
76
1738
120
396
2
42
73
1
120
1
13
75
3
1566
55
238
178
47
9
71
48
761
2234
394
6
7
339
2177
3
129
330
221
10
105
201
4666
933
7
16
1
1383
4
475
2351
13
80
11
63
42
959
280
94
765
14
45
103
167
4
61
14
158
225
3
13
9
131
150
50
2752
67
275
914
67
86
10
36
527
1
10959
1
1248
13
23637
164
2
270
10
1
53
925
6
990
6323
338
223
2
234
99
166
1045
72
225
103
261
305
656
68
7579
7148
515
5
23
46
1772
10
11
5
241
873
12
1251
7
49
2
93
4
2
184
1
95
1021
11458
1262
81
3665
1
6
178
4088
3
15
8
63
28
68
1
1
14
105
4
1225
1
1408
5593
1461
103
164
1
2260
64
34
34
33
4
186
10
1469
5153
5
4705
2649
1
1
362
73
1
3
147
455
243
1
158
101
3213
400
491
15720
102
1
2477
13
3048
1
12
561
3
331
2
196
83
236
448
412
13
1863
11
98
1600
54
6922
425
7948
15
61
15
1
265
1
121
5
330
1
9
6
1
75
60
2
3
18
94
560
10
65
151
1
86
51
167
135
3
637
15
75
50
10
71
29
1838
612
803
13
9
151
145
41
3
249
204
432
14
1443
711
10
494
155
396
58
435
8044
534
10
1
2864
2776
41
439
1480
11
90
1135
256
1126
113
565
1135
559
949
5
1424
12
7
4
46
44
91
577
20
1
9
112
574
1775
193
238
1
219
43
1
345
12754
4952
1866
4
92
62
55
2
91
96
7
440
2825
75
1
843
14
5789
46
137
3
256
35
1193
71
559
1
3599
210
440
13
3280
4114
500
8
150
140
1
52
6926
800
3758
129
218
442
73
7
6
1178
7
2692
1
951
59
105
87
72
66
3252
35
1206
51
51
2564
45
1371
139
95
11
41
2563
1
2552
4814
190
13
45
6
3
528
92
1625
76
339
4035
95
