1519
1913
1724
2498
3940
1894
2638
4328
1394
1698
3188
2261
1014
1736
4411
2527
1815
1519
3521
2649
1732
1855
6590
21175
1349
4800
3416
2265
3484
1425
1109
1552
1097
2626
1615
4890
3668
1082
10697
11119
1117
1677
1677
2785
6721
3870
2379
1045
14840
1293
2942
11713
4319
1335
5707
1573
1423
2253
2736
1734
1045
2132
1406
1079
3729
3681
1315
1325
1313
18133
2236
2514
7100
4026
1298
2607
2709
13532
1798
1083
1779
1630
1630
6255
1673
1340
1424
2482
2438
1098
1408
1672
22262
9139
7914
1002
2019
1910
10845
3168
1468
7059
6097
1572
1507
7385
1028
9263
1122
1548
1481
1086
2372
1156
1734
1371
4484
2340
3016
6284
12521
1063
16632
2223
2121
2107
1499
1020
2800
4126
2066
3118
1368
1428
2748
3052
1575
1470
4411
7378
3798
1161
1149
1129
1161
5562
7765
2089
2084
5043
1856
6656
1130
1052
1584
7523
2088
2097
9077
1199
1113
2422
1105
2310
13335
5342
5599
1374
1373
1372
2267
1671
1963
3150
4319
2051
2230
4607
16576
5493
5914
2033
1094
1851
26800
3034
3078
3320
2395
20379
2078
3918
2853
3577
2937
1059
5856
10600
9202
4162
1701
18753
7038
2249
8011
2916
2634
10080
1717
2471
1554
3308
1045
1965
2416
7884
28252
1962
1537
1655
6440
2730
3543
1430
2158
1873
1985
10713
1616
3696
1130
2026
2767
2983
1455
1163
2398
1217
3031
1041
3005
1309
1706
2423
1439
3907
2834
1667
3578
20947
2132
8533
11518
1074
3298
3209
4004
2623
1805
4139
2746
1728
7873
1176
1153
2827
2492
2556
10754
1346
8911
11151
1161
5103
2536
2684
1673
1857
2342
1377
2830
1611
1171
1427
2387
1681
1570
3759
1510
6100
1744
1816
1057
1137
3674
1280
4422
2142
4635
3621
7946
3308
1426
1827
3733
1136
2897
3536
1097
3414
2628
6731
7848
3470
1195
1762
4586
1507
2368
1037
1891
4108
2712
1650
2528
1730
1854
7180
2872
1443
1556
1365
10930
1713
4755
1113
4589
8464
1428
8497
4074
1588
3442
2393
6690
1257
1303
1831
1264
1155
1051
1722
1714
3829
1122
2936
3997
1012
16658
1042
3736
4065
1506
4161
2473
1331
18895
12067
1463
1943
4805
1341
15254
1103
3011
6770
12725
11395
1406
1450
2269
1043
2390
3656
28459
1988
5842
3615
2850
8497
6379
8546
2385
1281
3666
2673
2743
5850
1877
2468
1649
6632
1409
2472
1753
1474
8844
11942
1538
1091
2340
1549
2586
1071
1661
2120
1929
1628
2673
2402
2820
2383
1045
3171
12868
1259
3350
6695
1886
2430
3971
2469
1241
3760
1108
3512
3030
1352
1345
13586
1007
1070
2021
3524
2799
1311
2171
5235
1844
1984
8809
1645
1331
7302
1218
1755
12646
2787
1405
1881
4386
2660
3436
2269
2048
1667
2311
3329
2810
1655
2590
4401
11909
3656
5071
9399
9653
1660
1389
1559
11862
2163
4835
2826
5337
1454
2023
7625
4555
15130
1534
2585
1137
1143
2673
5091
1893
18732
8330
14881
2378
1238
3143
2833
1313
1569
9626
2040
4572
2479
15622
3608
1447
4812
1379
2410
1624
3059
1597
1443
3052
1827
3633
2457
2259
5623
1728
1005
4643
5604
6743
5068
2740
1845
2177
1684
1491
2316
2327
1224
2386
1125
2507
1601
31412
1014
2519
2389
1204
1578
1273
1043
11670
2212
1693
1003
1293
11651
3728
6985
9875
3870
2624
1919
1258
1099
24216
1989
15432
1329
1697
3298
4457
2897
1412
2961
1105
